!mjd_obs        !mean_dy        
!---------------!---------------
 56660.4287565   -6.836
 56660.4403382   -10.246
 56664.3778235   -10.941
 56666.4433785   -6.64
 56667.3965392   -9.912
 56667.4570487   -6.224
 56667.4686364   -9.728
 56669.4196843   -6.502
 56672.4147532   -6.175
 56674.372612    -6.513
 56674.3841917   -9.781
 56675.3937715   -6.258
 56675.4019389   -9.605
 56681.4401064   -6.983
 56681.4516897   -10.433
 56684.428319    -6.521
 56685.4268432   -6.412
 56685.4497994   -9.936
 56688.4423658   -7.108
 56688.4539396   -10.488
 56689.4315638   -6.546
 56692.4375509   -7.291
 56694.4354918   -10.192
 56695.4539834   -6.671
 56695.4655716   -9.488
 56697.4434138   -10.008
 56702.4394325   -6.821
 56702.4511758   -10.427
 56703.4133895   -6.96
 56709.461521    -6.948
 56709.4731204   -10.204
 56712.4565665   -6.87
 56714.4521917   -10.285
 56716.4562233   -6.833
 56716.4677988   -10.0
 56716.5221407   -6.995
 56721.4986729   -10.421
 56723.4679702   -6.8
 56723.4795817   -10.024
 56724.4662932   -11.054
 56725.4453533   -7.28
 56727.4834584   -7.473
 56728.4851531   -7.459
 56729.4484039   -11.013
 56730.4760306   -7.56
 56730.4876095   -10.484
 56737.4693347   -6.734
 56737.4812187   -10.089
 56737.5771792   -6.813
 56737.6052122   -10.059
 56737.6071951   -10.079
 56744.4650797   -7.72
 56744.476664    -11.106
 56745.4506345   -10.839
 56749.4600238   -6.67
 56749.4687739   -10.183
 56751.4625361   -6.318
 56751.4741151   -9.836
 56758.4778644   -7.357
 56758.4896136   -10.855
 56759.455009    -10.261
 56762.5295062   -10.535
 56763.4714055   -6.863
 56765.5037254   -6.497
 56765.5153286   -10.131
 56768.4932551   -6.829
 56769.4749733   -10.603
 56772.4907826   -6.964
 56772.5023456   -10.094
 56772.5583753   -10.135
 56775.4538218   -10.427
 56779.475765    -6.921
 56779.4883602   -10.024
 56779.5443713   -10.206
 56782.4846376   -7.43
 56785.705599    -11.07
 56786.4702901   -6.725
 56786.4818641   -10.458
 56787.8074124   -6.331
 56789.4715911   -10.133
 56789.6848189   -10.369
 56792.4714339   -9.852
 56793.5070493   -6.701
 56793.5186326   -10.143
 56803.4822389   -6.706
 56803.494124    -10.406
 56803.5489096   -6.815
 56806.5084708   -10.658
 56809.5164495   -10.127
 56810.5101179   -7.284
 56810.5216952   -10.47
 56811.4365857   -7.346
 56812.5049693   -10.321
 56817.4744175   -7.127
 56817.4860034   -10.374
 56824.4403396   -7.329
 56824.4519272   -10.544
 56826.715771    -7.145
 56827.474701    -11.072
 56831.5103777   -7.582
 56831.5223172   -10.714
 56831.5772962   -10.648
 56833.4824215   -11.375
 56834.4611248   -11.053
 56838.5098353   -7.015
 56838.5214251   -10.279
 56839.5650484   -10.604
 56840.4831804   -7.438
 56845.5012734   -6.25
 56845.5130381   -10.093
 56848.5091859   -10.258
 56852.5094393   -6.605
 56852.5210497   -10.189
 56858.4994494   -10.682
 56859.4983543   -7.216
 56859.5099317   -10.505
 56861.4690829   -7.624
 56865.4453804   -7.0
 56866.498955    -7.097
 56866.5105301   -10.573
 56868.4821424   -7.207
 56870.4909052   -11.09
 56873.4985567   -7.45
 56873.5102919   -10.918
 56874.4835079   -7.505
 56874.4950814   -11.108
 56874.5516266   -11.115
 56875.4959281   -7.614
 56875.5075137   -11.004
 56876.500966    -7.508
 56879.467543    -7.412
 56882.4822826   -7.266
 56882.4938613   -10.524
 56882.5492434   -10.6
 56884.4679377   -7.243
 56885.4910915   -10.77
 56889.4726389   -7.535
 56889.4842171   -10.908
 56890.4786581   -11.082
 56896.4672369   -7.067
 56896.4788684   -10.677
 56896.5341713   -10.839
 56897.455761    -7.336
 56901.4723364   -7.165
 56903.4757556   -7.366
 56903.4873289   -10.696
 56903.5435183   -10.632
 56906.547303    -10.466
 56910.4862633   -7.052
 56910.4978629   -10.49
 56914.381409    -6.894
 56915.4093925   -10.471
 56917.4123023   -7.342
 56917.4240489   -11.105
 56920.4565425   -7.301
 56921.5517961   -10.703
 56923.4452306   -8.12
 56924.4623271   -7.425
 56924.4807113   -10.773
 56925.4069998   -11.298
 56926.4353937   -7.524
 56927.407384    -10.917
 56927.4740494   -7.109
 56929.4513172   -7.537
 56931.448668    -7.102
 56931.4602452   -10.788
 56932.4326144   -7.305
 56932.4411029   -10.804
 56936.4560805   -7.113
 56936.4650394   -10.871
 56938.4572975   -7.754
 56938.468907    -11.136
 56939.4302623   -11.231
 56940.4513253   -7.538
 56942.4340703   -10.936
 56943.4350073   -7.75
 56945.4678761   -7.661
 56945.4794635   -11.158
 56949.4414478   -11.18
 56952.3878264   -7.335
 56952.3995774   -10.932
 56954.4277132   -7.414
 56954.4366394   -10.875
 56958.4089032   -11.016
 56959.4566433   -7.459
 56959.4682566   -10.972
 56959.5230988   -7.574
 56965.4235014   -7.439
 56965.4324099   -10.882
 56966.4451536   -7.45
 56966.4570486   -10.746
 56973.4460145   -7.674
 56973.4575998   -11.007
 56977.4011629   -7.068
 56977.4100594   -10.758
 56978.3922556   -10.887
 56980.4143524   -7.378
 56980.4259398   -10.915
 56982.3006321   -10.855
 56983.3982751   -6.99
 56983.407211    -10.491
 56987.3746169   -11.112
 56987.4352026   -7.618
 56987.4468027   -10.87
 56994.4264531   -7.356
 56994.4380403   -10.724
 56994.4923395   -7.364
 56999.4002401   -7.603
 57001.3755286   -7.427
 57001.3871037   -11.0
 57003.397642    -11.191
 57004.3961042   -10.949
 57005.3926259   -11.153
 57005.4591826   -7.576
 57008.4178578   -7.344
 57008.4294552   -10.69
 57010.3834236   -11.079
 57012.4255153   -7.809
 57013.4405038   -10.997
 57015.4180741   -10.75
 57015.4907347   -7.288
 57015.5023178   -10.795
 57018.4065571   -11.061
 57022.423212    -7.554
 57022.4348117   -11.012
 57024.3838196   -11.246
 57025.403201    -11.331
 57027.4145578   -7.232
 57029.4396739   -7.054
 57029.4512763   -10.664
 57035.43474     -11.056
 57036.3850179   -7.526
 57036.3966281   -10.942
 57036.4509292   -7.142
 57042.4226752   -7.251
 57043.4316961   -7.393
 57043.4638381   -7.308
 57043.4754212   -10.86
 57047.4319846   -7.457
 57050.4084023   -7.648
 57050.4199977   -11.154
 57051.4500995   -11.224
 57052.2659907   -7.064
 57057.4559066   -7.135
 57057.4674753   -10.611
 57057.5228101   -10.898
 57061.377312    -11.042
 57064.3898912   -7.335
 57064.4015048   -10.774
 57065.4607472   -7.562
 57069.4413043   -7.32
 57069.451107    -10.928
 57071.4526044   -7.668
 57071.4641812   -11.064
 57072.4069194   -7.662
 57076.4185383   -11.068
 57078.4471092   -7.173
 57078.4586823   -10.666
 57079.7720924   -7.627
 57080.4477663   -7.407
 57085.4921208   -7.342
 57085.5038642   -10.946
 57087.4614385   -7.564
 57087.4776737   -10.914
 57092.4983847   -7.212
 57092.51034     -10.786
 57093.4847007   -11.023
 57097.3912571   -11.369
 57099.4811729   -7.416
 57099.4927712   -10.625
 57110.3777866   -10.48
 57111.481684    -6.993
 57111.493253    -10.469
 57118.474951    -1.618
 57118.4865258   -4.931
 57118.540924    -1.526
 57118.5491332   -4.807
 57119.4728744   -2.947
 57120.1662153   -2.809
 57125.4901282   -3.23
 57125.501709    -6.048
 57125.5559934   -2.946
 57126.4746018   -5.935
 57128.4659861   -2.95
 57132.4834287   -3.279
 57132.4950185   -6.078
 57136.458561    -2.959
 57139.4077537   -2.596
 57139.4193382   -5.748
 57140.3248147   -5.905
 57142.4743478   -2.92
 57143.4628471   -6.459
 57146.4699265   -2.871
 57146.4816685   -5.866
 57146.5379281   -5.472
 57156.497885    -3.019
 57156.5094588   -5.829
 57157.5180324   -3.277
 57160.4925874   -2.784
 57160.501841    -5.5
 57163.4888162   -2.669
 57163.5004166   -5.549
 57164.4819582   -2.711
 57166.483056    -5.971
 57167.4159102   -2.807
 57169.477216    -3.161
 57170.4824037   -2.888
 57170.4943773   -5.736
 57172.4815873   -3.115
 57175.5990736   -2.659
 57177.5223311   -3.07
 57177.5339208   -5.608
 57184.5206134   -2.725
 57184.5321969   -5.62
 57185.4940409   -2.79
 57191.4803751   -2.548
 57191.4919297   -5.077
 57191.5467316   -2.308
 57192.4805912   -4.922
 57195.4734628   -2.501
 57198.5145736   -2.844
 57198.5261515   -5.715
 57199.5185323   -2.732
 57199.5217      -5.521
 57202.4414464   -5.843
 57203.4997543   -2.934
 57205.7527817   -2.497
 57205.7643717   -5.365
 57206.4760512   -2.664
 57206.4852931   -5.587
 57212.524493    -2.606
 57212.5361086   -5.346
 57216.4994668   -3.313
 57219.4966165   -2.805
 57219.5081836   -5.506
 57220.4873168   -5.415
 57223.4848494   -2.712
 57223.5004032   -5.479
 57225.9013298   -2.189
 57225.9168618   -5.249
 57226.5139654   -2.661
 57226.5257576   -5.794
 57229.4955329   -2.676
 57229.5071231   -5.593
 57229.5621831   -5.644
 57234.4885041   -5.933
 57236.5689839   -2.923
 57236.5805646   -5.772
 57244.7202883   -2.895
 57244.73186     -5.468
 57246.5801673   -5.845
 57250.3482735   -2.435
 57250.3598509   -5.155
 57250.4343793   -2.484
 57251.2896055   -3.147
 57251.2991275   -6.066
 57255.5188251   -2.643
 57257.499601    -2.468
 57257.5111639   -5.155
 57257.5674056   -5.108
 57258.499147    -5.745
 57259.4878409   -5.704
 57260.5609068   -5.752
 57261.4838519   -5.658
 57264.4868997   -2.589
 57264.49848     -5.419
 57271.4615455   -3.076
 57271.4731103   -6.049
 57272.4553172   -3.386
 57276.4556237   -2.657
 57278.5320392   -2.209
 57278.5440067   -5.244
 57283.4660006   -2.797
 57285.4714586   -2.666
 57285.4830295   -5.593
 57292.4392721   -2.846
 57292.4508458   -5.484
 57292.5053605   -2.901
 57295.452531    -3.0
 57298.4519691   -2.33
 57299.448666    -2.203
 57299.460238    -4.745
 57300.0535719   -2.44
 57300.0851182   -5.08
 57306.5275794   -2.36
 57306.5391748   -5.456
 57310.4619494   -2.69
 57321.4382212   -2.695
 57321.4497852   -5.602
 57321.5039517   -2.685
 57327.4164558   -2.635
 57327.4258563   -5.722
 57328.4223657   -2.947
 57328.4340813   -5.795
 57331.023318    -2.343
 57331.0548327   -4.798
 57335.4095162   -3.021
 57335.4210789   -5.707
 57336.4232623   -5.847
 57340.3860612   -2.464
 57340.3952825   -5.734
 57342.4342978   -2.871
 57342.4458848   -5.826
 57343.4112002   -2.621
 57347.4109411   -2.345
 57349.4072094   -2.321
 57349.4187873   -5.312
 57356.4230278   -0.626
 57356.4346086   -5.809
 57363.4142679   -5.006
 57363.4262082   -0.839
 57370.41806     -3.728
 57370.4296268   -5.998
 57377.4183147   -3.324
 57377.4298988   -5.232
 57377.4840386   -3.23
 57378.407912    -5.535
 57380.4149577   -3.007
 57384.4377711   -3.202
 57384.4493415   -5.175
 57391.4336106   -3.497
 57391.4451895   -5.471
 57398.4150174   -3.345
 57398.4267575   -5.717
 57399.4244166   -3.421
 57405.4590025   -3.154
 57405.4707479   -5.727
 57412.466581    -3.53
 57412.4781659   -5.897
 57419.4580813   -3.2
 57419.4696768   -5.605
 57423.4405778   -3.266
 57426.467201    -2.882
 57426.4787771   -5.103
 57431.4587771   -4.629
 57433.4659544   -2.339
 57433.4775385   -4.374
 57439.4597387   -2.249
 57439.468974    -4.8
 57440.4578184   -2.253
 57440.4694315   -4.75
 57442.3880285   -4.261
 57447.4781646   -1.907
 57447.4897779   -4.107
 57454.4636513   -2.263
 57454.4752357   -4.519
 57454.5520904   -4.803
 57461.4650527   -1.859
 57461.4769268   -3.8
 57464.4539824   -2.037
 57467.4587392   -2.43
 57468.4677657   -2.338
 57468.4793683   -4.916
 57470.468213    -2.456
 57470.4774664   -5.008
 57475.4858459   -2.345
 57475.4976045   -4.914
 57476.4468791   -2.226
 57476.4561378   -5.044
 57478.4871052   -4.631
 57479.4909489   -4.468
 57482.4716586   -3.238
 57482.4832651   -5.601
 57484.4584928   -3.52
 57488.4833663   -5.254
 57489.4168193   -3.239
 57489.4284189   -5.34
 57489.4829502   -3.239
 57495.4557415   -5.435
 57496.4866723   -3.289
 57496.4982697   -5.506
 57496.5569333   -5.481
 57497.480305    -3.187
 57500.4620497   -4.876
 57503.4853829   -3.131
 57503.4969525   -5.01
 57503.5520687   -5.209
 57506.6513831   -2.597
 57510.4987109   -2.94
 57510.510307    -5.06
 57513.4116596   -2.886
 57513.4209311   -4.929
 57516.4227142   -2.838
 57517.4458791   -2.641
 57517.4574659   -4.861
 57520.4855135   -3.779
 57523.4702694   -4.462
 57524.4952519   -1.951
 57524.5068262   -4.108
 57527.4865765   -4.399
 57529.4683706   -1.787
 57530.4622167   -3.897
 57531.4680544   -1.637
 57531.4796432   -3.732
 57538.4576645   -1.865
 57538.4695423   -3.633
 57540.4809857   -3.927
 57543.4710644   -3.837
 57545.4444911   -1.454
 57545.456086    -3.381
 57548.4803583   -1.183
 57548.4919337   -3.363
 57551.478708    -1.879
 57551.4897826   -3.984
 57552.50969     -2.068
 57552.5212917   -3.975
 57552.5803672   -4.183
 57554.471414    -4.247
 57555.4696479   -1.486
 57559.5074211   -1.781
 57559.5189958   -3.681
 57566.4823963   -1.148
 57566.4942489   -3.363
 57567.5023765   -3.367
 57568.5039787   -1.549
 57570.4700041   -3.886
 57571.485777    -1.436
 57572.4355241   -3.65
 57573.4359896   -1.725
 57573.4477351   -3.727
 57576.4729613   -1.496
 57580.489247    -1.843
 57580.5011801   -4.263
 57582.5073619   -4.009
 57583.4940883   -2.177
 57585.4790025   -3.588
 57587.5159925   -2.145
 57587.5275871   -4.184
 57590.479518    -4.262
 57593.4807195   -2.336
 57594.4958883   -2.062
 57594.5074846   -4.368
 57595.4989939   -4.019
 57601.4839779   -2.121
 57601.4955742   -4.204
 57601.550993    -4.326
 57608.5081737   -1.823
 57608.5197717   -3.923
 57608.5741733   -2.119
 57611.4756949   -3.872
 57612.4927089   -1.717
 57615.4853916   -1.6
 57615.4970045   -3.621
 57616.4599074   -3.733
 57619.468572    -2.198
 57619.479284    -4.482
 57622.5101533   -1.183
 57622.521748    -3.641
 57623.4499833   -4.361
 57625.4659011   -1.868
 57629.4713241   -2.392
 57629.4829019   -4.138
 57629.5375375   -2.446
 57629.548244    -4.227
 57634.4623283   -2.27
 57635.4664738   -4.035
 57636.481014    -2.004
 57636.4926153   -3.989
 57639.4726274   -1.869
 57640.4841138   -4.136
 57643.4890429   -1.995
 57643.5006528   -4.416
 57643.5550571   -1.871
 57643.5657505   -4.248
 57650.4743574   -2.173
 57650.4859599   -4.36
 57651.4764269   -4.232
 57654.4527048   -4.595
 57657.4824355   -2.451
 57657.4940346   -4.62
 57662.3190647   -4.828
 57663.4519234   -2.625
 57663.4622948   -4.843
 57664.4583657   -2.544
 57664.4699705   -4.979
 57671.4401293   -2.764
 57671.4517152   -4.923
 57674.4494145   -2.729
 57674.4583247   -4.927
 57678.4598434   -2.648
 57678.471422    -4.664
 57680.4181545   -4.462
 57684.4240173   -4.825
 57685.4449823   -2.255
 57685.4565869   -4.714
 57687.4367487   -4.613
 57690.4393545   -4.911
 57692.442593    -1.769
 57692.4541725   -3.851
 57699.4151592   -1.432
 57699.4269085   -4.055
 57706.5489467   -1.791
 57706.560674    -4.063
 57711.4168561   -4.135
 57713.3592627   -1.761
 57713.3708233   -4.046
 57723.4282953   -1.908
 57723.439879    -4.437
 57723.4977178   -4.188
 57726.4082885   -4.165
 57728.4327242   -4.169
 57729.0502775   -3.913
 57742.4065906   -1.613
 57744.4255421   -3.856
 57747.4338662   -1.827
 57747.4454415   -3.634
 57748.4143137   -3.907
 57753.4315789   -3.653
 57754.4370298   -1.445
 57754.4486371   -3.474
 57755.4448877   -1.785
 57756.4336568   -3.968
 57760.4428677   -1.98
 57760.4535391   -4.255
 57761.420934    -1.643
 57761.4325096   -3.867
 57764.4414111   -3.946
 57769.5865104   -3.706
 57785.962536    -1.399
 57785.9741151   -3.677
 57786.2018813   -1.543
 57786.213823    -3.753
 57786.4644745   -1.647
 57786.4760825   -3.948
 57786.5303748   -1.463
 57787.4393958   -3.652
 57793.4575895   0.378
 57793.4692023   -2.117
 57793.5242143   -2.106
 57797.458895    -2.04
 57800.4944316   0.049
 57800.5060105   -2.177
 57800.5615354   -2.295
 57802.0407351   0.255
 57802.0725493   -2.08
 57805.4572407   -2.375
 57807.4447289   -0.033
 57807.4563143   -2.216
 57807.5395692   0.299
 57808.4383691   -1.971
 57815.4665895   -0.122
 57815.4781761   -2.227
 57815.5346838   -2.214
 57821.4640783   -2.675
 57822.4704776   -0.276
 57822.4820555   -2.53
 57829.4179253   -0.149
 57829.4295226   -2.424
 57831.4710674   -2.337
 57836.4778996   -0.213
 57836.4895294   -2.48
 57837.4824207   -2.279
 57843.524464    -0.119
 57843.5363977   -2.527
 57844.4664516   -2.376
 57845.5286755   0.872
 57848.5137096   0.751
 57848.5147708   0.598
 57849.4927286   -1.369
 57850.4904553   0.933
 57850.5020625   -1.75
 57852.4819033   0.505
 57853.4816897   -1.562
 57856.5003935   0.859
 57857.5021293   0.81
 57857.5139756   -1.4
 57860.4740575   0.762
 57863.4042467   0.843
 57864.6706265   1.107
 57865.4676712   -1.214
 57866.4629495   1.078
 57869.4651028   0.725
 57871.4775657   0.598
 57871.4891738   -1.533
 57872.6528609   0.848
 57875.470614    0.602
 57877.4633941   -1.375
 57878.4957738   0.668
 57878.5073482   -1.566
 57880.4161417   0.933
 57885.6652556   0.664
 57885.6768335   -1.302
 57889.4761058   0.841
 57892.5150363   1.249
 57892.5266107   -1.041
 57899.4155833   0.671
 57899.4271713   -1.43
 57904.4713674   -1.237
 57906.5110039   0.991
 57906.5225883   -1.497
 57909.5067111   -1.53
 57913.5110001   0.897
 57913.5225793   -0.902
 57913.581893    0.997
 57917.4612401   1.099
 57920.4922392   0.932
 57920.5038279   -1.535
 57920.562572    0.746
 57920.5657497   -1.221
 57923.4961845   -1.434
 57927.4999215   0.524
 57927.5115263   -1.882
 57929.4269375   -1.473
 57934.4891452   0.883
 57934.5010319   -1.544
 57935.490067    0.561
 57940.4799702   0.518
 57941.4901646   0.527
 57941.5017601   -1.64
 57945.4875967   -1.628
 57948.5428833   0.504
 57948.5544596   -2.036
 57951.7989105   1.102
 57955.4937541   0.466
 57955.5053669   -1.824
 57957.4799996   0.694
 57959.4918683   -1.495
 57962.4821378   0.876
 57962.4937249   -1.563
 57963.4911946   -1.452
 57969.4966468   0.922
 57969.5082382   -1.019
 57969.5680162   -0.973
 57970.5057879   1.0
 57974.4935816   0.783
 57974.5042772   -1.399
 57980.470981    1.364
 57980.4819603   -0.761
 57983.4879624   0.528
 57983.4999161   -1.7
 57983.5593021   -1.63
 57986.4757788   -1.687
 57988.4738947   0.456
 57989.4693375   -2.092
 57990.6242193   0.475
 57990.6525113   -1.293
 57991.4606292   0.384
 57997.4676729   0.362
 57997.4792686   -1.841
 58001.4702426   -1.649
 58003.4694956   0.171
 58004.4850635   0.258
 58004.4966663   -1.795
 58004.5557485   -1.668
 58007.4539387   0.703
 58011.4672339   1.175
 58011.4788473   -0.98
 58011.571522    0.995
 58013.4783456   -1.446
 58014.4047082   1.066
 58018.4438322   0.419
 58018.4554494   -1.765
 58018.514303    0.683
 58025.4419024   0.838
 58025.4535071   -1.39
 58027.4641059   0.378
 58031.4581189   -1.015
 58032.4548706   -0.481
 58032.4664578   -2.601
 58032.5272462   -2.579
 58035.439158    -2.652
 58036.4353703   -2.771
 58039.4573644   -0.272
 58039.4689733   -2.587
 58046.6105249   0.336
 58046.6221443   -1.669
 58048.4334809   0.174
 58049.4469848   -2.223
 58053.7257494   -0.034
 58053.7373295   -2.287
 58056.379398    -0.104
 58057.4164245   -2.294
 58060.4179429   -0.14
 58060.4295339   -1.866
 58063.430186    -2.4
 58067.4360488   -0.147
 58067.4476356   -2.55
 58067.5768288   -2.794
 58070.433555    -2.738
 58074.4243953   -0.223
 58074.4359801   -2.861
 58075.4320483   -2.674
 58078.4040885   -2.26
 58079.4505985   0.234
 58081.4340363   -0.06
 58081.445628    -2.293
 58082.4389683   -2.309
 58088.4266685   -0.363
 58088.4382777   -2.657
 58089.4111863   -0.264
 58089.4227925   -2.014
 58090.4198957   -0.118
 58090.431667    -2.064
 58095.5306723   -2.223
 58097.4304014   -0.002
 58097.4423292   -2.586
 58100.4358798   -2.649
 58104.4159092   -0.084
 58104.4274631   -2.469
 58105.5736917   -0.243
 58107.4118108   -2.12
 58111.5778618   -0.151
 58111.5881069   -0.088
 58111.6770356   -2.399
 58117.4231051   -0.351
 58117.4409785   -2.847
 58118.4180219   -0.358
 58118.4296038   -2.757
 58120.4337809   -2.415
 58125.4292083   -0.21
 58125.4407792   -2.565
 58125.4998506   -2.451
 58131.4202936   -2.458
 58132.4320464   -0.102
 58132.4436338   -2.527
 58134.5358637   -0.108
 58134.5555271   -2.278
 58139.4298121   -0.172
 58139.441404    -2.484
 58142.4047547   -0.051
 58146.5117874   -0.489
 58146.5233839   -2.516
 58150.3430064   -0.513
 58152.438177    -2.88
 58153.4346987   -0.3
 58153.4462843   -2.686
 58160.4413707   0.021
 58160.4529634   -2.216
 58160.5140174   -2.202
 58161.4537795   -0.373
 58163.4593673   -2.83
 58164.4522864   -0.32
 58167.4931394   -0.758
 58167.5047428   -2.998
 58168.4491756   -0.534
 58169.4541252   -2.821
 58174.4727372   -0.41
 58174.4843514   -2.658
 58174.5432433   -0.468
 58175.0334304   -2.471
 58176.0195696   -2.849
 58177.4628183   -0.543
 58178.4871255   -2.251
 58181.4785938   -0.219
 58181.4901739   -2.467
 58181.5504435   -0.452
 58184.4595072   -2.448
 58187.4830665   0.093
 58188.4629325   -0.083
 58188.4745091   -2.197
 58191.4643076   0.386
 58194.4676869   0.441
 58195.4606282   0.539
 58195.4723711   -2.03
 58195.5328445   -1.663
 58199.4261239   0.064
 58201.4193467   -0.411
 58202.4602687   -0.28
 58202.4718678   -2.274
 58203.2212204   -0.204
 58203.2530816   -2.304
 58203.4297659   -0.152
 58205.4279149   -0.354
 58207.4456753   0.28
 58207.5549672   -2.295
 58209.4495656   -0.519
 58209.5604687   0.066
 58209.5720295   -2.344
 58210.4571376   -0.252
 58211.4844496   -2.236
 58213.4586112   -0.073
 58214.4365108   -2.067
 58216.4967978   -0.128
 58216.5084087   -2.261
 58217.4838321   0.041
 58217.4954297   -1.916
 58217.554147    0.145
 58217.5639216   -1.939
 58220.4798153   -0.011
 58221.4621754   -2.357
 58223.4622145   0.14
 58224.4707576   0.113
 58224.4823544   -2.698
 58225.4712077   -2.899
 58228.4592129   -0.234
 58229.4361426   -2.67
 58231.4778193   -0.24
 58231.4894172   -2.455
 58232.5026726   -0.235
 58236.5043617   -0.047
 58236.5138599   -2.373
 58238.4942227   0.047
 58238.5058096   -2.017
 58239.4986696   -2.284
 58242.4951515   -0.308
 58242.5048239   -2.555
 58242.9039539   -2.395
 58247.5146112   0.33
 58247.5259694   -0.562
 58247.9760473   -0.166
 58247.9876327   -2.203
 58249.4700045   0.166
 58249.4794889   -1.779
 58252.4919681   -2.332
 58254.4742365   0.118
 58254.4858374   -2.003
 58261.4993857   -0.132
 58261.5109718   -2.367
 58262.4921062   0.101
 58264.4736208   -2.411
 58265.4998799   -2.048
 58268.4973849   0.11
 58268.5092441   -1.904
 58271.4688589   -1.996
 58272.5137979   0.261
 58272.5148547   0.083
 58275.4902913   0.32
 58275.5018738   -2.172
 58277.4891704   -2.258
 58278.4843404   -2.355
 58280.4229838   -0.38
 58282.4938319   0.259
 58282.5055657   -1.39
 58284.4860145   -1.564
 58286.4868893   0.08
 58288.5052309   0.527
 58288.5160808   -2.032
 58289.4909166   -0.04
 58289.5024734   -1.997
 58290.4893603   -2.029
 58292.4973491   -0.247
 58296.4859228   0.049
 58296.4976784   -1.889
 58298.4736309   -2.179
 58299.4269036   0.368
 58299.4279579   0.253
 58301.4886253   -2.19
 58303.5073415   0.259
 58303.5189203   -1.982
 58304.4742575   0.114
 58304.4838896   -1.906
 58310.4851138   0.117
 58310.4967047   -2.022
 58312.5735121   -2.233
 58314.4793493   0.008
 58316.4724503   -2.201
 58317.5079422   0.053
 58317.5195374   -2.19
 58323.4976452   -2.179
 58324.4786074   0.428
 58324.4901915   -1.882
 58327.4874705   -2.053
 58330.4731613   0.345
 58330.4838345   -1.933
 58331.4248358   0.206
 58331.4364214   -1.918
 58338.4751581   0.348
 58338.4867499   -1.941
 58338.5551406   -2.066
 58339.471625    0.205
 58342.4870704   -0.077
 58342.5066323   -2.555
 58345.4759085   0.325
 58345.4875026   -2.033
 58351.481666    -0.134
 58352.4861649   0.222
 58352.4977515   -2.029
 58352.5572482   -1.95
 58354.4782317   0.111
 58355.4757205   -2.107
 58359.4987742   -0.053
 58359.5103639   -2.234
 58362.2337146   0.404
 58362.6423239   0.295
 58362.6999287   -1.535
 58363.4635183   0.593
 58364.4672908   -1.158
 58366.4637468   0.263
 58366.475501    -2.145
 58368.4715803   0.247
 58371.461673    0.206
 58372.4648102   0.49
 58373.4885167   0.424
 58373.5001258   -2.234
 58379.4573832   0.63
 58380.4609706   0.723
 58380.472564    -1.512
 58387.4713305   0.163
 58387.4829362   -2.016
 58393.4504874   -2.231
 58394.4754414   0.392
 58394.4870342   -1.905
 58397.3890773   0.366
 58397.400091    -2.164
 58400.425612    -1.796
 58401.4411008   0.169
 58401.4529662   -1.908
 58403.4439655   -2.086
 58407.4340995   -1.571
 58408.4290605   0.296
 58408.4406464   -1.855
 58410.43377     -1.739
 58412.4455761   0.343
 58414.4335759   -1.954
 58415.4690555   0.441
 58415.4806485   -1.605
 58415.5392517   0.422
 58417.5700364   0.349
 58418.6736512   0.578
 58419.5413846   0.175
 58421.444161    -2.202
 58421.6274156   0.455
 58422.4291425   0.535
 58422.4407196   -2.219
 58424.4313778   0.238
 58426.4176044   -1.98
 58429.4461994   0.341
 58429.4577855   -1.893
 58436.4109656   0.56
 58436.4225827   -1.895
 58436.6373454   0.536
 58438.4243728   -2.0
 58441.4102545   -2.081
 58443.4524433   0.075
 58443.4640451   -2.219
 58444.4260115   -2.038
 58447.4219447   -1.928
 58450.4134217   0.234
 58450.4250086   -2.081
 58451.4145871   -2.176
 58455.4170286   -2.012
 58456.4024714   -0.135
 58457.4190001   0.181
 58457.430771    -1.784
 58457.4898573   1.032
 58457.5001882   -1.877
 58460.4062019   1.08
 58460.4165241   -2.05
 58461.4074055   0.882
 58463.396332    -1.421
 58464.4208092   0.935
 58464.4325619   -1.512
 58471.4318088   0.575
 58471.4433964   -1.539
 58471.5021189   0.962
 58475.4099714   -1.141
 58478.4135656   0.792
 58478.425137    -1.451
 58479.4038881   0.867
 58479.4130502   -1.613
 58482.4231706   -1.739
 58484.4147411   0.857
 58485.4040825   0.977
 58485.4157097   -1.708
 58486.4092735   -1.477
 58488.4076238   0.775
 58489.4231862   -1.604
 58492.4388857   0.453
 58492.4504811   -1.516
 58499.438122    0.994
 58499.449707    -1.35
 58500.4403667   -1.641
 58506.4396534   0.93
 58506.4513852   -1.423
 58507.5508095   -1.547
 58511.4446263   -1.665
 58513.3925414   0.828
 58513.4041623   -1.546
 58517.4448798   0.851
 58517.4555842   -1.547
 58520.4412504   0.672
 58520.4528395   -1.691
 58520.5116781   0.718
 58520.5162022   -1.885
 58524.436345    -1.689
 58526.4327312   0.902
 58527.4821507   1.238
 58527.4937344   -1.135
 58532.4792581   -1.332
 58534.4573163   0.618
 58534.4689148   -1.293
 58535.4407233   -1.519
 58538.4502812   -1.697
 58541.4565631   0.761
 58541.4684504   -1.58
 58548.4672251   0.967
 58548.4792284   -1.446
 58550.4523991   -1.491
 58555.4630093   0.86
 58555.4746413   -1.197
 58561.4513903   -1.528
 58562.433232    -1.565
 58562.5406604   0.864
 58562.5522593   -1.457
 58565.4710058   -1.368
 58568.4535057   -1.582
 58569.4625903   0.634
 58569.4741989   -1.474
 58574.45104     -1.7
 58575.4771275   0.513
 58576.3633994   -1.533
 58576.4269761   0.681
 58576.4385497   -1.522
 58583.4641789   1.014
 58583.4761134   -1.534
 58586.4564186   0.754
 58587.4832462   -1.346
 58590.4948003   0.788
 58590.5063725   -1.749
 58593.4917558   -1.71
 58597.4267637   0.36
 58597.4383673   -1.492
 58598.4041499   0.514
 58604.4801851   0.242
 58604.4917783   -1.939
 58608.460796    0.392
 58609.4691459   -1.596
 58611.422965    0.498
 58611.4347025   -1.998
 58612.4839932   -0.315
 58613.4621947   -2.47
 58615.4484563   0.514
 58618.5037605   0.722
 58618.5153347   -1.563
 58621.461319    -2.05
 58623.480652    0.161
 58624.4794717   -1.795
 58625.5173237   0.397
 58625.5289484   -1.632
 58631.4548811   -1.849
 58632.4970882   0.765
 58632.5086864   -1.754
 58639.4825985   0.214
 58639.4942053   -2.063
 58644.4731136   -2.232
 58646.4974452   0.248
 58646.5094089   -2.122
 58646.5780625   -2.193
 58653.4851618   0.505
 58653.4967471   -1.472
 58660.541493    -0.052
 58660.5530845   -2.086
 58664.4478332   0.697
 58666.4431737   0.399
 58667.4944829   0.822
 58667.5062285   -1.609
 58668.5148626   -1.422
 58671.4756599   -1.647
 58674.4816743   0.315
 58674.4932612   -2.141
 58674.5587927   -2.116
 58678.4787258   0.455
 58678.4873171   -1.609
 58681.4915578   0.898
 58681.5031969   -1.489
 58681.7302583   1.029
 58681.7418337   -1.35
 58682.4472563   0.352
 58688.6932737   0.654
 58688.7048536   -1.295
 58695.4777386   0.622
 58695.4893388   -1.398
 58698.4845017   -1.564
 58701.4770976   -2.291
 58702.5102847   0.334
 58702.5218822   -1.959
 58705.4817988   -1.371
 58709.4704091   0.495
 58709.4823023   -1.786
 58713.4103983   -2.102
 58716.4910353   0.369
 58716.5026404   -1.646
 58723.5457249   0.28
 58723.5573137   -2.086
 58724.455245    -2.353
 58730.4821251   0.47
 58730.4940209   -1.426
 58737.4503749   0.662
 58737.4619903   -1.113
 58744.455211    0.176
 58744.4667974   -1.968
 58748.4390387   -1.719
 58751.4597085   0.284
 58751.4713238   -2.001
 58761.4669682   0.468
 58761.4785762   -1.628
 58765.464115    0.477
 58768.6395874   0.256
 58768.651167    -1.861
 58775.4223053   0.215
 58775.4338962   -1.76
 58782.522348    0.311
 58782.5339493   -1.974
 58786.4477672   0.244
 58789.4299536   0.171
 58789.4419296   -2.196
 58792.4209126   -2.144
 58796.6044047   0.356
 58796.6160133   -1.855
 58800.4193485   0.293
 58801.4186185   0.406
 58803.4125914   -0.139
 58803.4241849   -2.373
 58806.4186019   -2.319
 58807.40965     -2.555
 58810.4293482   -0.042
 58810.4409391   -2.261
 58817.4015711   -0.107
 58817.4131853   -2.554
 58820.4052184   -2.559
 58824.4042136   0.629
 58824.4158123   -2.207
 58831.4200532   0.029
 58831.4316489   -2.003
 58832.4106298   -2.193
 58833.4022493   0.079
 58838.4309498   0.012
 58838.4425435   -2.028
 58838.5797705   -2.114
 58841.4574785   0.062
 58845.3664474   0.111
 58845.3782083   -2.421

