!mjd_obs        !mean_dy        
!---------------!---------------
 56659.3891191   1.308
 56660.460783    1.862
 56660.4693129   1.549
 56664.3910591   0.035
 56667.4097735   -3.33
 56667.4891358   -2.858
 56667.4976778   -3.417
 56672.4413665   3.539
 56674.404316    4.192
 56674.4128554   3.3
 56675.4324536   3.387
 56681.4718568   4.482
 56681.480374    3.638
 56684.4606971   4.031
 56685.4982538   5.04
 56688.4741234   3.029
 56688.4826411   2.139
 56689.4579663   3.724
 56692.4616236   2.189
 56694.5179677   4.701
 56695.5131548   4.641
 56695.5216571   3.649
 56697.4674575   4.367
 56702.4713107   4.688
 56702.4798398   3.765
 56703.449875    3.823
 56709.493431    4.546
 56709.5019461   3.67
 56712.5268285   3.562
 56715.491939    4.298
 56716.4879618   4.422
 56716.4964879   3.522
 56716.5352162   3.584
 56721.5333469   3.766
 56723.4997123   4.359
 56723.5082526   3.626
 56724.4765633   1.853
 56727.6107028   2.051
 56728.5099859   2.269
 56730.5077912   3.432
 56730.5163042   2.549
 56737.5098161   4.964
 56737.5183659   4.089
 56737.7322403   4.733
 56737.7489214   1.92
 56737.7499658   3.851
 56744.4971205   3.229
 56744.5056343   2.23
 56745.4874215   2.255
 56749.5291681   3.964
 56751.4944893   4.33
 56751.5030115   3.722
 56758.5097895   5.148
 56759.5090442   3.765
 56759.7569365   3.524
 56762.5546255   3.697
 56765.535515    4.91
 56765.544065    4.078
 56765.5788876   3.97
 56768.5365346   3.82
 56769.6229032   4.065
 56772.522546    4.689
 56772.5310923   3.932
 56772.595535    3.861
 56775.4786068   3.965
 56779.5089191   4.268
 56779.5174374   3.354
 56779.5697304   3.285
 56782.5048036   1.099
 56785.7200859   1.083
 56786.5022942   4.623
 56786.5108135   3.745
 56789.5052829   3.889
 56789.6906597   3.81
 56792.4846619   3.717
 56793.5387855   4.675
 56793.5473247   3.828
 56803.5144531   1.986
 56803.5229764   0.985
 56803.62104     0.57
 56806.5415455   3.863
 56809.5477608   3.424
 56810.5420496   2.701
 56810.5507809   1.233
 56812.5685606   3.678
 56817.5061681   2.244
 56817.514669    1.274
 56824.4720775   2.28
 56824.4805738   1.389
 56826.7491501   1.433
 56831.5424701   2.81
 56831.5509618   1.981
 56831.6121253   1.951
 56833.502004    -0.062
 56834.4745153   1.927
 56838.54157     4.281
 56838.5500593   3.716
 56839.5899353   3.734
 56845.5335951   4.022
 56845.5422667   3.043
 56848.5344085   3.702
 56852.5412034   4.225
 56852.5496988   3.126
 56858.5345911   3.726
 56859.5304456   4.909
 56859.5389124   4.013
 56861.4994909   3.788
 56865.4683345   2.437
 56866.5309948   3.311
 56866.53966     2.374
 56868.5273431   1.997
 56873.5307669   3.023
 56873.5392736   2.176
 56874.5152699   3.481
 56874.5239533   2.673
 56874.5966166   2.551
 56875.5458834   3.691
 56875.5543852   2.912
 56879.4911194   2.609
 56882.5142095   3.777
 56882.5227507   2.872
 56882.5627022   2.776
 56885.5123872   2.953
 56889.5043909   3.599
 56889.5129167   2.811
 56890.4940817   2.815
 56896.4992482   4.114
 56896.5077847   3.383
 56896.5486458   4.03
 56897.4771831   3.325
 56901.4886676   3.196
 56903.5074742   3.854
 56903.5159625   3.226
 56906.600074    2.076
 56910.5180024   3.842
 56910.5265224   2.875
 56914.3896777   3.937
 56915.4272025   2.249
 56917.4444364   3.599
 56917.453071    2.725
 56920.4879851   3.122
 56921.5766235   2.371
 56923.4820581   3.975
 56924.5121292   3.778
 56924.5250903   3.237
 56925.4184647   3.009
 56926.5011773   3.68
 56927.4292227   4.158
 56927.5219908   3.114
 56929.4844158   3.69
 56931.4806801   3.687
 56931.4893083   3.187
 56931.5262631   3.045
 56936.5301732   3.234
 56936.5403036   2.448
 56938.489035    3.436
 56938.4975058   2.615
 56939.4687397   2.677
 56940.4773064   3.446
 56942.4471034   2.024
 56943.4567064   3.177
 56945.499761    2.797
 56945.5082595   2.466
 56949.4801355   2.847
 56952.4197907   3.236
 56952.4283071   2.429
 56954.4699499   0.497
 56954.4719797   2.507
 56958.456881    2.687
 56959.4887947   3.501
 56959.4972997   2.94
 56959.5346124   3.54
 56965.4438801   3.47
 56965.4540652   2.701
 56966.4779464   2.987
 56966.4864573   2.734
 56973.4780406   3.627
 56973.4865455   2.97
 56977.4374256   2.763
 56978.4054953   2.714
 56980.4461138   3.833
 56980.4546085   2.883
 56982.3114065   0.751
 56983.4332641   3.405
 56983.4444889   2.633
 56987.3881244   2.811
 56987.4669421   3.63
 56987.4754629   2.699
 56994.4582047   2.893
 56994.4667107   2.306
 56994.500477    1.645
 56999.4464678   2.136
 57001.4072983   3.283
 57001.4157947   2.555
 57001.4458104   3.265
 57003.4109964   2.312
 57004.4094281   2.514
 57005.4059963   2.724
 57005.4913815   3.347
 57008.4497929   3.52
 57008.4585479   2.418
 57010.3968682   2.435
 57012.4501927   3.612
 57013.4531749   2.692
 57015.4314553   1.768
 57015.5224806   3.387
 57015.5310001   2.589
 57018.4380109   2.335
 57022.454963    3.308
 57022.4634752   2.557
 57024.3971667   2.566
 57025.4165435   2.563
 57029.4714712   2.973
 57029.479996    2.37
 57035.4480935   2.259
 57036.4167758   3.308
 57036.4252928   2.381
 57036.4591855   3.045
 57042.4468512   3.09
 57043.49561     2.964
 57043.5041458   2.268
 57047.4725867   2.405
 57050.4401831   3.318
 57050.4486709   2.659
 57051.4796629   2.157
 57052.2961943   2.91
 57057.4879273   2.871
 57057.4964408   2.147
 57057.5455253   2.161
 57061.3882202   0.12
 57064.4217299   3.091
 57064.4302186   2.334
 57065.5185343   3.119
 57065.5287097   2.438
 57069.4709853   3.713
 57069.4823008   3.215
 57071.484359    3.303
 57071.4928872   2.452
 57072.4373017   3.428
 57072.4474925   2.875
 57076.4319032   2.565
 57078.4788526   2.918
 57078.4873549   2.352
 57079.7946356   3.193
 57079.8137352   2.484
 57080.4725365   3.264
 57087.5344413   2.371
 57092.531137    2.571
 57092.5396484   1.767
 57093.4988761   1.977
 57097.4028914   0.277
 57099.5129394   3.205
 57099.521467    2.573
 57110.391951    2.88
 57111.5134363   3.949
 57111.5219521   2.96
 57118.506685    -2.166
 57118.5152269   -2.632
 57118.5924215   -1.876
 57118.6017679   -2.477
 57119.4991687   -2.124
 57120.1704256   -2.305
 57125.5218873   1.041
 57125.5304023   0.677
 57125.5888814   0.675
 57126.488314    2.169
 57128.4993964   1.96
 57132.5151801   2.277
 57132.5237015   1.834
 57136.4671317   1.928
 57139.4394817   1.811
 57139.4480023   1.292
 57140.3389841   1.083
 57142.5006129   1.741
 57146.5021369   2.366
 57146.5106541   1.926
 57146.5721419   2.399
 57157.5598637   2.799
 57157.5701724   2.443
 57160.5324333   1.877
 57161.5066325   2.751
 57163.5205733   2.03
 57163.529081    1.512
 57164.499567    1.693
 57166.5349407   2.846
 57167.4363515   1.903
 57169.4976348   2.181
 57170.5145471   2.64
 57170.5230564   1.942
 57172.5078771   2.778
 57175.6376998   1.525
 57176.4960283   2.095
 57177.554071    1.872
 57177.5625775   1.162
 57184.5523594   2.658
 57184.5608785   2.092
 57185.5390646   2.535
 57191.5125436   2.986
 57191.5210745   2.297
 57191.5726875   3.119
 57192.5273739   1.902
 57192.5863272   2.0
 57195.518708    2.318
 57198.546335    3.049
 57198.5548942   2.354
 57199.5679029   2.926
 57199.5770666   2.22
 57202.4530898   0.476
 57203.5366563   3.511
 57203.5603714   2.779
 57205.7845284   3.421
 57205.7930293   2.655
 57206.4989613   3.648
 57206.5092554   2.935
 57212.5562838   2.966
 57212.5650623   2.188
 57216.5418873   2.797
 57219.5288853   3.217
 57219.5374784   2.404
 57220.5452525   2.269
 57223.5516439   3.149
 57223.5762416   2.337
 57226.545904    3.185
 57226.5543933   2.462
 57229.5272857   2.489
 57229.5357658   1.781
 57229.5819415   1.838
 57234.5173542   3.248
 57236.6006621   2.907
 57236.6091564   2.199
 57244.7521923   2.789
 57244.7607829   2.074
 57246.6110392   2.074
 57250.4001313   2.973
 57250.4086287   2.195
 57250.4429716   3.112
 57251.3135455   3.654
 57251.3240562   2.918
 57255.588993    3.408
 57255.5981337   2.627
 57257.5313131   3.092
 57257.539832    2.401
 57258.5135124   2.662
 57258.5148935   0.642
 57259.5009754   0.743
 57260.5740665   0.789
 57261.5212309   -0.121
 57264.5501762   2.307
 57264.5589664   1.762
 57271.4932757   3.365
 57271.5021281   2.793
 57272.495424    3.421
 57276.4687299   3.258
 57278.5641529   2.884
 57278.5726872   2.152
 57283.4872847   2.987
 57285.5031935   3.183
 57285.5119754   2.64
 57292.4710111   3.212
 57292.4795369   2.494
 57292.5670604   3.197
 57295.5057872   3.5
 57298.4740286   2.233
 57299.4804356   2.853
 57299.4893385   2.057
 57300.1748521   2.302
 57300.191392    1.77
 57306.5593181   3.255
 57306.5680496   2.4
 57310.4998097   2.659
 57311.4692474   2.352
 57321.4698996   3.108
 57321.4783916   2.353
 57327.5012503   2.947
 57328.4542165   3.934
 57328.4627104   2.842
 57329.4007176   3.563
 57331.1444056   2.596
 57331.1612821   1.747
 57335.4412364   2.627
 57335.4497639   2.216
 57336.4559838   2.258
 57340.4528431   2.634
 57340.4764352   1.814
 57342.4664272   3.166
 57342.4749134   1.731
 57343.452342    2.472
 57347.450607    3.291
 57349.438995    3.505
 57349.4475117   2.582
 57356.4548519   9.195
 57356.4633644   7.34
 57363.4465253   4.508
 57363.4550256   2.894
 57370.4499586   4.324
 57370.4587341   2.474
 57377.4500192   3.852
 57377.458486    2.499
 57377.5688993   2.592
 57378.4353247   4.392
 57380.4239216   1.739
 57384.4694845   4.062
 57384.4779816   2.414
 57391.4653341   3.533
 57391.473833    1.719
 57398.4468815   3.92
 57398.4553664   2.23
 57399.4569523   2.825
 57405.4909045   3.783
 57405.4993885   2.186
 57412.4983366   3.932
 57412.5068121   2.089
 57419.5145024   4.021
 57419.5230204   2.356
 57423.4489482   2.384
 57426.5128808   4.127
 57426.5213951   2.544
 57431.4781418   -0.226
 57433.4976644   3.471
 57433.5061617   1.917
 57439.5321321   4.278
 57440.4896357   4.649
 57440.4981351   2.932
 57440.8377456   2.555
 57442.4256084   0.658
 57454.4954029   -1.888
 57454.5254041   -3.689
 57454.5789371   -2.17
 57461.4971721   -2.042
 57461.5056616   -3.639
 57464.4925428   -3.885
 57465.4907791   -2.313
 57468.4995481   -2.236
 57468.5080703   -3.681
 57470.5436678   -1.719
 57475.5177825   -1.794
 57475.5262864   -3.504
 57476.4948842   -1.632
 57478.499528    -3.551
 57479.503389    -3.48
 57482.503417    -1.966
 57482.5119461   -3.721
 57484.4670772   -1.977
 57488.4965123   -3.72
 57489.4485756   -2.06
 57489.4570922   -3.585
 57489.5210696   -1.974
 57495.4686067   -3.174
 57496.5184725   -1.88
 57496.5275218   -3.482
 57496.5685815   -5.453
 57497.520179    -1.235
 57500.5101371   -3.241
 57503.5171442   -1.605
 57503.5256777   -3.166
 57503.5784657   -3.24
 57510.530666    -2.196
 57510.5391758   -3.485
 57513.4489061   -1.968
 57513.4589104   -5.641
 57516.4313323   -1.695
 57517.4776421   -2.35
 57517.4862654   -3.835
 57520.502339    -3.558
 57523.5126534   -3.31
 57524.5276622   -2.087
 57524.5363143   -3.867
 57527.5514158   -3.47
 57529.4903995   -1.793
 57530.5077659   -3.438
 57531.500125    -2.297
 57531.5086301   -3.787
 57538.6358554   -1.296
 57538.6443532   -2.906
 57540.5649061   -3.207
 57543.5119349   -3.218
 57545.4762584   -1.408
 57545.4847711   -3.271
 57548.5242711   -2.031
 57548.5353482   -3.798
 57551.5396512   -2.201
 57551.5496545   -3.673
 57552.541437    -2.172
 57552.5499363   -3.871
 57552.600261    -5.803
 57554.5247356   -3.768
 57555.5217401   -1.64
 57559.539156    -1.182
 57559.5476723   -2.891
 57566.5144253   -1.566
 57566.5232281   -3.372
 57567.5872634   -4.391
 57570.5210013   -3.272
 57571.5241884   -1.159
 57572.4523044   -5.047
 57573.4679233   -0.658
 57573.4767649   -3.324
 57576.5088728   -1.258
 57576.5189226   -3.079
 57580.521363    -0.684
 57580.5298753   -2.324
 57582.5246465   -2.557
 57583.5377576   -1.079
 57585.5215929   -3.209
 57587.5477943   -1.415
 57587.5563214   -3.187
 57590.511345    -3.384
 57593.5141219   -1.503
 57594.527966    -1.413
 57594.5366702   -3.235
 57595.5366026   -3.152
 57601.5157467   -1.7
 57601.5245428   -3.414
 57601.5761485   -3.34
 57608.5399498   -1.008
 57608.548466    -2.618
 57608.6137046   -1.044
 57610.4994842   -2.799
 57613.5320955   -1.041
 57615.6051315   -1.357
 57615.6136456   -2.876
 57616.4820735   -2.766
 57619.5338311   -1.559
 57619.5438466   -3.208
 57622.5419498   -1.883
 57622.5507472   -3.533
 57623.4760753   -2.99
 57629.503101    -0.913
 57629.5119047   -2.961
 57629.5949701   -1.064
 57629.6050134   -3.116
 57634.4711814   -3.227
 57635.5588381   -1.103
 57636.5128122   -0.923
 57636.5213377   -2.759
 57639.494468    -2.673
 57640.5257796   -1.448
 57643.5209049   -2.106
 57643.5294193   -3.696
 57643.6108484   -1.993
 57643.6273234   -3.734
 57650.5063462   -2.03
 57650.5148805   -3.738
 57651.5016117   -3.544
 57654.4781042   -2.563
 57655.4988642   -1.231
 57657.5143719   -1.015
 57657.5228953   -2.586
 57662.3722407   -2.413
 57663.5299183   -2.945
 57664.4901219   -0.995
 57664.4986152   -2.58
 57665.4684954   -0.912
 57671.4724242   -0.481
 57671.4808983   -2.145
 57674.5520935   -0.468
 57674.5610499   -2.205
 57678.4915875   -0.57
 57678.5000951   -2.271
 57680.5261871   -0.679
 57684.5233255   -0.654
 57685.4794909   -0.707
 57685.4880036   -2.418
 57686.4373375   -2.429
 57687.5097458   -1.171
 57690.5103136   -2.318
 57692.4743732   -0.038
 57692.4828781   -1.705
 57699.4471216   -0.544
 57699.4556511   -2.067
 57706.580833    -0.296
 57706.5893588   -2.042
 57711.4490292   -0.189
 57713.3913343   -0.165
 57713.3998576   -1.648
 57723.4600487   -0.308
 57723.468551    -2.407
 57723.6585936   -0.603
 57726.4839293   -0.391
 57728.4657037   -2.265
 57729.3846393   -2.266
 57742.434085    -1.969
 57744.481526    -0.031
 57745.4536458   -1.765
 57747.4657521   0.369
 57747.474273    -1.423
 57748.5028823   -1.689
 57753.4965393   -0.199
 57754.4688166   -0.584
 57754.4776114   -2.097
 57756.4932779   -0.489
 57760.5297205   -0.128
 57761.4526989   -0.356
 57761.4612298   -2.136
 57764.4598173   0.045
 57769.6049021   0.179
 57785.9942538   -0.511
 57786.0027467   -1.812
 57786.2340071   -0.05
 57786.2425036   -1.756
 57786.4962548   0.183
 57786.504762    -1.292
 57786.539231    -1.689
 57787.515334    0.089
 57793.4893741   -0.291
 57793.497878    -1.82
 57793.5414788   -1.85
 57797.5578443   0.326
 57797.5667773   -1.394
 57800.5265968   0.063
 57800.5351366   -1.622
 57800.6251748   0.007
 57802.1615093   0.074
 57802.1783614   -1.507
 57805.472915    -0.167
 57806.5262739   -1.649
 57807.505145    0.201
 57807.5139722   -1.651
 57808.458739    0.261
 57815.4983017   0.057
 57815.5067988   -1.553
 57815.580603    -1.74
 57821.5067663   -1.545
 57822.5023758   0.033
 57822.5108869   -1.53
 57829.4496914   -0.066
 57829.4582069   -1.686
 57831.5456171   -1.474
 57836.5097278   0.243
 57836.5184805   -1.318
 57837.5044279   -1.333
 57843.5567687   0.066
 57843.5654718   -1.53
 57844.5303796   -1.511
 57845.6253638   0.356
 57848.6116626   -0.231
 57848.6204451   -3.358
 57848.6213434   -1.32
 57850.5222555   0.714
 57850.5307888   -0.954
 57852.5666555   0.269
 57853.5282568   -1.226
 57856.5414468   -1.197
 57857.5341832   -0.273
 57857.5426964   -1.812
 57860.4928993   -0.04
 57860.5029285   -1.5
 57863.4287307   0.383
 57865.4956944   -1.486
 57866.5387275   -0.064
 57869.4794903   0.216
 57871.5095047   0.257
 57871.5180089   -1.433
 57872.7176402   -0.261
 57875.4918246   0.343
 57875.5018401   -1.16
 57877.4949665   -1.544
 57878.5277904   0.161
 57878.5362865   -1.409
 57880.4821931   0.435
 57882.5141591   -1.158
 57882.7783508   -1.212
 57885.6969979   0.547
 57885.7055011   -1.149
 57889.5621695   -1.183
 57892.5467622   0.7
 57892.5552695   -1.161
 57899.4473477   0.292
 57899.455869    -1.316
 57904.4886012   -1.372
 57906.5431892   -0.067
 57906.5517032   -1.615
 57909.5236813   -3.095
 57913.5431327   0.206
 57913.5519683   -1.678
 57913.6068295   -1.723
 57917.5073369   -1.591
 57919.5424466   -0.08
 57920.5239714   0.212
 57920.5324878   -1.603
 57920.5939873   -1.484
 57923.5134408   -1.684
 57927.5317343   0.158
 57927.5404501   -1.609
 57929.4458303   -1.917
 57934.5212821   -0.054
 57934.5298152   -1.901
 57935.5026891   -0.289
 57940.4952479   -1.762
 57941.5219641   -0.301
 57941.5306602   -1.833
 57945.5147395   -2.039
 57948.5746974   -0.176
 57948.5832319   -1.908
 57951.8314452   -1.933
 57953.5246152   0.346
 57954.5302954   0.117
 57955.5257131   0.65
 57955.5342639   -0.978
 57957.4979123   0.896
 57962.5142087   0.056
 57962.5227198   -1.517
 57963.5187447   -0.059
 57963.5726852   -1.629
 57969.528907    0.34
 57969.537423    -1.477
 57969.5865164   0.269
 57970.5230987   -1.427
 57974.5873868   0.498
 57974.6570349   0.429
 57974.6670789   -1.168
 57980.5878523   -0.007
 57980.5978564   -1.803
 57983.5202561   0.137
 57983.5287355   -1.662
 57983.6270983   -2.056
 57986.5585003   -0.282
 57989.5800806   0.025
 57990.6726943   -0.2
 57990.6811782   -1.658
 57992.4912432   0.068
 57997.4994351   -0.57
 57997.5079214   -2.204
 58001.552466    -0.417
 58004.516825    0.293
 58004.5253251   -1.479
 58004.6369732   -1.4
 58007.5333657   -1.624
 58011.4995808   -0.502
 58011.5403019   -2.18
 58011.6574051   -2.407
 58013.5328652   -0.328
 58014.4291641   -1.773
 58018.4756485   -0.03
 58018.4841369   -1.898
 58018.5337933   -0.049
 58018.5437814   -1.777
 58025.4736644   -0.352
 58025.4821554   -2.159
 58027.4794889   0.036
 58028.5151658   -0.81
 58031.5322943   0.799
 58032.4867943   0.302
 58032.4952921   -1.457
 58032.623582    -0.616
 58035.5152131   -1.543
 58036.492334    -1.593
 58039.4891281   0.089
 58039.4976182   -1.663
 58046.6426238   -0.773
 58046.6511232   -2.365
 58048.4777124   -0.473
 58051.4934473   -2.14
 58056.4155114   0.438
 58056.5452701   -1.514
 58060.449717    -0.046
 58060.4582212   -1.841
 58063.5064933   -1.889
 58067.4678132   -0.16
 58067.4763139   -1.782
 58067.6584415   -1.99
 58070.5070697   -1.823
 58074.4562957   -0.215
 58074.4647984   -1.631
 58075.4960734   0.151
 58075.51218     -1.49
 58078.4565667   0.857
 58079.5143398   -1.602
 58081.4658153   0.556
 58081.6627633   -2.151
 58082.7694439   -0.312
 58088.4584613   0.281
 58088.4669532   -1.48
 58089.4432667   -0.024
 58089.4522472   -1.653
 58090.4518343   0.315
 58090.4603352   -1.522
 58095.5494575   -1.553
 58097.4625186   0.057
 58097.4710469   -1.467
 58100.4692253   -1.26
 58104.4476227   0.23
 58104.4561393   -1.473
 58105.586512    -0.084
 58111.6080604   -1.493
 58111.690193    0.213
 58111.6986883   -1.393
 58117.4881998   -1.391
 58118.449773    0.659
 58118.4584265   -1.069
 58120.4831097   -0.985
 58125.4609703   0.305
 58125.4694707   -1.212
 58125.558176    -1.147
 58131.4842578   -3.303
 58132.4637839   0.623
 58132.4722885   -1.045
 58134.6469992   0.722
 58134.6572614   -1.098
 58139.4616054   0.367
 58139.4701011   -1.207
 58142.4411107   -0.1
 58146.5952978   -0.598
 58146.6037866   -1.964
 58150.3518648   -1.909
 58152.4674969   -0.105
 58153.466456    0.121
 58153.4749594   -1.501
 58160.4731637   -0.144
 58160.4816957   -1.628
 58160.6266442   -0.503
 58160.6355387   -1.962
 58163.6033332   -0.443
 58163.607535    -1.848
 58167.5249047   0.497
 58167.5335917   -0.867
 58168.5131185   0.886
 58169.4849197   -0.481
 58171.5003793   0.806
 58174.5045647   0.97
 58174.5132561   -0.707
 58174.5939919   -0.939
 58177.5780384   1.162
 58177.5867437   -0.591
 58181.5106507   0.312
 58181.5191852   -1.322
 58181.6276171   -1.206
 58184.5093922   1.505
 58187.5414812   -1.431
 58188.4946831   -0.1
 58188.5032187   -1.748
 58191.5382474   -1.36
 58194.5048797   0.454
 58195.4925587   0.596
 58195.5010814   -1.09
 58195.6012548   -1.169
 58199.4563778   0.274
 58201.4491404   0.955
 58202.4920368   0.809
 58202.5005304   -0.849
 58203.3421586   1.136
 58203.3587052   -0.676
 58203.4593999   1.272
 58205.4578178   1.274
 58207.4756056   0.884
 58209.4794034   1.416
 58209.5922148   1.322
 58209.6007143   -0.275
 58210.5113946   -2.203
 58211.565271    -0.288
 58213.4864983   1.258
 58214.4958239   0.708
 58216.5286215   0.711
 58216.5371542   -1.043
 58217.5156256   0.112
 58217.524172    -1.488
 58217.6387471   0.373
 58220.5185916   0.468
 58223.4950208   -0.166
 58224.5025146   0.058
 58224.5110586   -1.501
 58227.6909006   -1.758
 58228.4710005   0.442
 58229.4546866   0.016
 58231.509815    0.308
 58231.5186096   -1.363
 58232.5148261   0.354
 58236.5774409   0.261
 58238.5259921   0.155
 58238.5344995   -1.578
 58239.517068    0.168
 58242.537203    1.106
 58242.5463105   -1.888
 58242.9344612   -1.179
 58247.5461635   1.416
 58247.5548503   -0.324
 58249.5328392   1.323
 58252.538874    1.007
 58254.5061908   0.645
 58254.5149408   -1.045
 58261.5404208   1.186
 58261.5489405   -0.548
 58262.5400853   0.998
 58264.4904055   -2.628
 58265.5593084   0.823
 58268.5437724   1.332
 58268.5522992   -0.519
 58271.4952757   1.476
 58272.5409094   -2.138
 58275.5220478   1.533
 58275.5305695   -0.259
 58277.5048418   -0.234
 58278.5000204   -0.255
 58279.5137003   1.827
 58282.526149    1.507
 58282.5349632   -0.598
 58284.5385821   1.418
 58284.5475679   -0.476
 58288.6037394   0.919
 58289.5226405   1.171
 58289.5311801   -0.512
 58290.5541369   0.975
 58296.5181025   0.91
 58296.5267612   -0.764
 58298.5349025   1.359
 58299.4543601   -2.4
 58301.5581207   0.924
 58301.5749498   -0.873
 58303.5390939   1.78
 58303.547642    -0.59
 58304.5332479   1.098
 58305.5566256   -0.768
 58310.5168792   0.932
 58310.5257341   -0.868
 58312.6102884   0.218
 58316.5338659   1.1
 58317.5398946   1.072
 58317.5485721   -0.653
 58323.5540326   1.168
 58324.5103708   1.343
 58324.5188738   -0.548
 58327.5275513   1.097
 58330.5252274   1.15
 58331.4566148   0.974
 58331.4651295   -0.867
 58338.5069306   0.821
 58338.5154631   -0.941
 58338.606563    0.753
 58338.6157234   -1.063
 58342.5543459   0.725
 58342.5633014   -0.932
 58345.508042    0.737
 58345.5165501   -0.936
 58351.5241509   -0.536
 58352.5179615   0.803
 58352.5266399   -0.802
 58352.5758026   0.788
 58354.5316955   -2.714
 58355.4958914   0.873
 58359.5305565   1.247
 58359.5390603   -0.398
 58360.8474556   0.518
 58360.8574693   -0.693
 58362.5007244   1.909
 58362.510771    0.14
 58362.7170557   -2.555
 58363.5299492   1.262
 58364.4862056   -1.234
 58366.496061    0.748
 58366.5045555   -0.759
 58368.5078476   0.812
 58371.4687057   -2.548
 58372.5414034   1.008
 58373.5430496   1.064
 58373.5605933   -0.602
 58379.5106603   -0.475
 58380.4931405   1.051
 58380.5016862   -0.583
 58387.5031344   0.853
 58387.5117471   -0.705
 58393.5053096   -0.693
 58394.5073175   0.831
 58394.5161548   -0.826
 58397.4340263   0.206
 58397.4440328   -1.315
 58400.4859242   -0.651
 58401.4740305   1.124
 58401.4828092   -0.629
 58403.5092197   -0.68
 58405.7587283   -3.664
 58407.4593021   -0.969
 58408.4607962   1.073
 58408.4693074   -0.736
 58410.491414    -1.384
 58412.4938039   0.496
 58414.4688847   -0.836
 58415.5008338   1.014
 58415.5093232   -0.837
 58415.5861908   0.502
 58421.4703413   0.782
 58422.4608488   0.423
 58422.4693493   -1.201
 58424.473214    0.468
 58426.4891627   -0.958
 58429.4779467   0.612
 58429.4865384   -1.058
 58436.4428847   0.452
 58436.4513916   -0.827
 58438.4629128   -1.115
 58441.4573213   0.496
 58441.4662614   -1.15
 58443.4842176   0.518
 58443.4927077   -1.298
 58444.4990664   0.625
 58444.5080261   -1.11
 58447.4727381   0.422
 58448.4435824   -0.88
 58450.4451702   0.873
 58450.4536689   -0.883
 58451.4652963   -0.637
 58455.4390358   -0.356
 58456.4425714   1.506
 58457.4511369   1.499
 58457.4598073   -0.103
 58457.5386074   -0.337
 58460.4338562   -0.735
 58461.4577078   -0.785
 58463.6248767   -3.131
 58464.4531014   0.242
 58464.4615812   -1.214
 58471.4636966   0.313
 58471.4722029   -1.468
 58471.5388962   -1.472
 58475.442554    -1.345
 58478.4452858   0.531
 58478.453827    -1.066
 58479.4517232   -0.899
 58482.4650413   -1.318
 58484.4528468   0.375
 58485.4361655   0.284
 58485.4446555   -1.206
 58486.4559725   -1.278
 58488.4155355   0.435
 58489.4951704   -1.07
 58492.4706267   0.952
 58492.4791118   -0.701
 58499.4698332   0.821
 58499.4786071   -0.809
 58500.4623738   -0.757
 58506.4715451   0.241
 58506.4800483   -1.11
 58507.5885176   -1.195
 58511.4680453   -1.49
 58513.4243399   0.068
 58513.4328244   -1.462
 58517.5897943   0.223
 58517.6062338   -1.451
 58520.4730151   0.119
 58520.4815525   -1.322
 58520.5534695   0.233
 58520.5575129   -1.213
 58524.4581779   -1.12
 58526.4852168   0.308
 58527.5139265   0.208
 58527.5224488   -1.404
 58532.5495936   -1.244
 58534.4892392   0.907
 58534.4979876   -0.891
 58535.519348    -1.235
 58536.4693922   0.48
 58538.4897805   -1.186
 58541.4889825   0.781
 58541.4975305   -0.921
 58548.4994299   0.155
 58548.5079778   -1.458
 58550.4696499   -1.425
 58555.4948497   0.505
 58555.503376    -1.094
 58561.5076587   -1.034
 58562.4712253   0.407
 58562.5724374   0.222
 58562.580962    -1.213
 58565.4779927   0.647
 58568.4605183   0.825
 58569.4943808   0.866
 58569.5028906   -0.683
 58574.4710529   0.758
 58575.5864008   -0.693
 58576.3790555   -1.202
 58576.4588846   0.313
 58576.4674197   -1.149
 58577.5284692   0.7
 58583.496502    0.315
 58583.5050206   -1.209
 58586.4643408   -1.079
 58590.6792054   -0.085
 58590.6877069   -1.726
 58593.5535103   -1.427
 58597.4585508   0.613
 58597.4670664   -1.175
 58598.4551287   0.707
 58604.5119973   0.699
 58604.5205088   -1.024
 58608.50156     -1.178
 58611.455216    -0.166
 58611.4638804   -1.881
 58612.5300347   -1.198
 58613.4957412   0.893
 58618.5355031   0.355
 58618.5441702   -1.191
 58621.5167694   -1.159
 58623.4951604   0.957
 58624.5479632   -0.958
 58625.5491295   1.048
 58625.5576237   -0.733
 58631.5181442   -0.919
 58632.5288686   0.289
 58632.5373691   -1.546
 58639.5143858   0.076
 58639.5229096   -1.66
 58644.5022956   -3.147
 58646.5295997   0.827
 58646.5380968   -1.026
 58646.59804     -0.981
 58653.5173466   -0.182
 58653.5258552   -1.755
 58660.5732236   0.767
 58660.5817193   -0.99
 58664.4833885   -1.097
 58666.4784696   -0.898
 58667.5266377   0.265
 58667.5351362   -1.094
 58671.5064277   0.613
 58673.4819539   -1.426
 58674.5134241   0.271
 58674.5219416   -1.278
 58678.5474477   0.922
 58681.5235906   0.359
 58681.5321018   -1.402
 58681.761941    0.187
 58681.7707508   -1.699
 58682.4721139   0.783
 58688.7253477   0.545
 58688.7338772   -1.271
 58695.5095279   0.021
 58695.5180532   -1.557
 58698.567131    -1.325
 58700.7942129   -1.722
 58701.4825066   -1.291
 58702.5420787   0.473
 58702.5505856   -1.168
 58705.5221638   0.726
 58707.5227429   -1.235
 58709.5025221   0.162
 58709.5110566   -1.579
 58713.4479061   -1.291
 58716.5231474   0.137
 58716.5316952   -1.695
 58723.5774963   -0.083
 58723.5860276   -1.718
 58724.4878719   -1.182
 58730.5142082   1.308
 58730.5228108   -0.468
 58732.4757507   -0.577
 58737.4821808   1.343
 58737.4907049   -0.545
 58744.4870211   1.113
 58744.4955301   -0.649
 58748.461322    -1.675
 58751.4915787   0.356
 58751.5000802   -1.323
 58761.499802    1.289
 58761.5086565   -0.463
 58765.49523     -0.915
 58768.6713646   0.749
 58768.7495583   -0.913
 58775.4543962   1.142
 58775.4629109   -0.634
 58782.5543404   0.415
 58782.5631341   -1.329
 58786.4722677   -1.097
 58789.4621416   0.493
 58789.6301331   -1.204
 58792.438175    -0.401
 58796.638098    0.574
 58796.6466141   -1.125
 58800.4307806   -0.702
 58803.4444072   1.023
 58803.4529456   -0.583
 58803.5698915   1.152
 58803.5784215   -0.53
 58806.4342872   1.09
 58807.4253599   1.042
 58810.4611391   0.905
 58810.4696663   -0.585
 58817.4333663   1.013
 58817.4418939   -0.551
 58820.4224764   -0.488
 58824.4363051   1.475
 58824.4448546   -0.174
 58831.4522657   1.107
 58831.460958    -0.388
 58832.4268743   -0.24
 58838.4627354   1.146
 58838.4715453   -0.54
 58838.5956629   -0.647
 58841.4648091   -0.697
 58845.3983764   0.939
 58845.4069165   -0.643

