!mjd_obs        !mean_dy        
!---------------!---------------
 56659.3891191   2.468
 56660.460783    2.884
 56660.4693129   2.558
 56664.3910591   2.379
 56667.4097735   -2.131
 56667.4891358   -1.788
 56667.4976778   -2.248
 56672.4413665   4.004
 56674.404316    4.653
 56674.4128554   3.726
 56675.4324536   3.838
 56681.4718568   5.05
 56681.480374    4.044
 56684.4606971   4.025
 56685.4982538   5.183
 56688.4741234   4.524
 56688.4826411   3.509
 56689.4579663   3.711
 56692.4616236   3.605
 56694.5179677   4.886
 56695.5131548   4.77
 56695.5216571   3.786
 56697.4674575   4.554
 56702.4713107   4.885
 56702.4798398   3.931
 56703.449875    3.827
 56709.493431    4.74
 56709.5019461   3.897
 56712.5268285   3.75
 56715.491939    4.466
 56716.4879618   4.712
 56716.4964879   3.671
 56716.5352162   3.695
 56721.5333469   3.873
 56723.4997123   4.724
 56723.5082526   3.725
 56724.4765633   3.518
 56727.6107028   3.71
 56728.5099859   3.756
 56730.5077912   4.788
 56730.5163042   3.944
 56737.5098161   5.19
 56737.5183659   4.162
 56737.7322403   4.895
 56737.7489214   6.361
 56737.7499658   3.968
 56744.4971205   4.956
 56744.5056343   4.074
 56745.4874215   4.114
 56749.5291681   3.971
 56751.4944893   4.637
 56751.5030115   3.747
 56758.5097895   5.28
 56759.5090442   3.874
 56759.7569365   3.694
 56762.5546255   3.892
 56765.535515    5.168
 56765.544065    4.103
 56765.5788876   4.0
 56768.5365346   3.903
 56769.6229032   4.139
 56772.522546    4.897
 56772.5310923   3.947
 56772.595535    3.921
 56775.4786068   4.096
 56779.5089191   4.363
 56779.5174374   3.38
 56779.5697304   3.431
 56782.5048036   3.023
 56785.7200859   3.127
 56786.5022942   4.787
 56786.5108135   3.92
 56789.5052829   3.76
 56789.6906597   3.796
 56792.4846619   3.757
 56793.5387855   4.877
 56793.5473247   3.799
 56803.5144531   3.64
 56803.5229764   2.573
 56803.62104     2.474
 56806.5415455   3.74
 56809.5477608   3.516
 56810.5420496   4.453
 56810.5507809   3.04
 56812.5685606   3.739
 56817.5061681   3.83
 56817.514669    2.996
 56824.4720775   4.196
 56824.4805738   3.24
 56826.7491501   3.52
 56831.5424701   4.472
 56831.5509618   3.752
 56831.6121253   3.797
 56833.502004    6.013
 56834.4745153   3.528
 56838.54157     4.482
 56838.5500593   3.634
 56839.5899353   3.717
 56845.5335951   4.087
 56845.5422667   3.27
 56848.5344085   3.732
 56852.5412034   4.478
 56852.5496988   3.307
 56858.5345911   3.863
 56859.5304456   4.968
 56859.5389124   3.978
 56861.4994909   3.644
 56865.4683345   3.511
 56866.5309948   4.348
 56866.53966     3.359
 56868.5273431   3.251
 56873.5307669   4.295
 56873.5392736   3.412
 56874.5152699   4.677
 56874.5239533   3.821
 56874.5966166   3.818
 56875.5458834   4.751
 56875.5543852   3.75
 56879.4911194   3.705
 56882.5142095   4.509
 56882.5227507   3.543
 56882.5627022   3.619
 56885.5123872   3.712
 56889.5043909   4.614
 56889.5129167   3.553
 56890.4940817   3.56
 56896.4992482   4.688
 56896.5077847   3.882
 56896.5486458   4.65
 56897.4771831   3.873
 56901.4886676   3.84
 56903.5074742   4.67
 56903.5159625   3.911
 56906.600074    2.872
 56910.5180024   4.651
 56910.5265224   3.637
 56914.3896777   4.612
 56915.4272025   3.311
 56917.4444364   4.662
 56917.453071    3.71
 56920.4879851   4.159
 56921.5766235   3.415
 56923.4820581   5.014
 56924.5121292   4.837
 56924.5250903   4.029
 56925.4184647   3.957
 56926.5011773   4.756
 56927.4292227   4.904
 56927.5219908   3.725
 56929.4844158   4.725
 56931.4806801   4.574
 56931.4893083   3.797
 56931.5262631   3.657
 56936.5301732   4.462
 56936.5403036   3.526
 56938.489035    4.466
 56938.4975058   3.87
 56939.4687397   3.852
 56940.4773064   4.646
 56942.4471034   3.248
 56943.4567064   4.468
 56945.499761    4.133
 56945.5082595   3.638
 56949.4801355   3.946
 56952.4197907   4.38
 56952.4283071   3.489
 56954.4699499   6.028
 56954.4719797   3.627
 56958.456881    3.768
 56959.4887947   4.575
 56959.4972997   3.909
 56959.5346124   4.647
 56965.4438801   4.66
 56965.4540652   3.687
 56966.4779464   4.164
 56966.4864573   3.773
 56973.4780406   4.752
 56973.4865455   3.841
 56977.4374256   3.693
 56978.4054953   3.685
 56980.4461138   4.829
 56980.4546085   3.882
 56982.3114065   6.071
 56983.4332641   4.621
 56983.4444889   3.668
 56987.3881244   3.807
 56987.4669421   4.701
 56987.4754629   3.742
 56994.4582047   4.017
 56994.4667107   3.35
 56994.500477    2.932
 56999.4464678   3.424
 57001.4072983   4.368
 57001.4157947   3.521
 57001.4458104   4.541
 57003.4109964   3.534
 57004.4094281   3.593
 57005.4059963   3.688
 57005.4913815   4.411
 57008.4497929   4.623
 57008.4585479   3.386
 57010.3968682   3.645
 57012.4501927   4.511
 57013.4531749   3.592
 57015.4314553   2.936
 57015.5224806   4.409
 57015.5310001   3.549
 57018.4380109   3.459
 57022.454963    4.555
 57022.4634752   3.642
 57024.3971667   3.753
 57025.4165435   3.591
 57029.4714712   4.089
 57029.479996    3.538
 57035.4480935   3.564
 57036.4167758   4.427
 57036.4252928   3.521
 57036.4591855   4.217
 57042.4468512   4.232
 57043.49561     4.042
 57043.5041458   3.422
 57047.4725867   3.501
 57050.4401831   4.399
 57050.4486709   3.671
 57051.4796629   3.366
 57052.2961943   4.284
 57057.4879273   4.204
 57057.4964408   3.404
 57057.5455253   3.418
 57061.3882202   5.635
 57064.4217299   4.175
 57064.4302186   3.547
 57065.5185343   4.44
 57065.5287097   3.586
 57069.4709853   4.616
 57069.4823008   3.974
 57071.484359    4.426
 57071.4928872   3.621
 57072.4373017   4.517
 57072.4474925   3.998
 57076.4319032   3.713
 57078.4788526   4.24
 57078.4873549   3.457
 57079.7946356   4.581
 57079.8137352   3.602
 57080.4725365   4.537
 57087.5344413   3.448
 57092.531137    3.889
 57092.5396484   3.063
 57093.4988761   3.439
 57097.4028914   5.94
 57099.5129394   4.347
 57099.521467    3.72
 57110.391951    3.881
 57111.5134363   4.773
 57111.5219521   4.009
 57118.506685    -1.24
 57118.5152269   -1.474
 57118.5924215   -0.825
 57118.6017679   -1.224
 57119.4991687   -0.402
 57120.1704256   -0.604
 57125.5218873   2.913
 57125.5304023   2.686
 57125.5888814   2.676
 57126.488314    4.001
 57128.4993964   3.834
 57132.5151801   3.883
 57132.5237015   3.591
 57136.4671317   3.686
 57139.4394817   3.607
 57139.4480023   3.204
 57140.3389841   3.015
 57142.5006129   3.638
 57146.5021369   4.038
 57146.5106541   3.754
 57146.5721419   4.073
 57157.5598637   4.432
 57157.5701724   4.242
 57160.5324333   3.571
 57161.5066325   4.37
 57163.5205733   3.695
 57163.529081    3.304
 57164.499567    3.549
 57166.5349407   4.542
 57167.4363515   3.709
 57169.4976348   3.95
 57170.5145471   4.178
 57170.5230564   3.72
 57172.5078771   4.435
 57175.6376998   3.351
 57176.4960283   3.879
 57177.554071    3.653
 57177.5625775   3.104
 57184.5523594   4.325
 57184.5608785   3.828
 57185.5390646   4.256
 57191.5125436   4.456
 57191.5210745   3.987
 57191.5726875   4.639
 57192.5273739   3.81
 57192.5863272   3.851
 57195.518708    4.146
 57198.546335    4.728
 57198.5548942   4.239
 57199.5679029   4.548
 57199.5770666   4.15
 57202.4530898   7.386
 57203.5366563   5.009
 57203.5603714   4.527
 57205.7845284   5.009
 57205.7930293   4.342
 57206.4989613   5.284
 57206.5092554   4.604
 57212.5562838   4.517
 57212.5650623   3.792
 57216.5418873   4.424
 57219.5288853   4.669
 57219.5374784   3.968
 57220.5452525   3.913
 57223.5516439   4.71
 57223.5762416   4.089
 57226.545904    4.623
 57226.5543933   4.144
 57229.5272857   4.072
 57229.5357658   3.57
 57229.5819415   3.687
 57234.5173542   4.838
 57236.6006621   4.633
 57236.6091564   3.947
 57244.7521923   4.204
 57244.7607829   3.715
 57246.6110392   3.598
 57250.4001313   3.922
 57250.4086287   3.387
 57250.4429716   4.161
 57251.3135455   4.756
 57251.3240562   4.096
 57255.588993    4.659
 57255.5981337   3.879
 57257.5313131   4.249
 57257.539832    3.605
 57258.5135124   3.983
 57258.5148935   6.987
 57259.5009754   7.005
 57260.5740665   7.141
 57261.5212309   6.655
 57264.5501762   4.021
 57264.5589664   3.688
 57271.4932757   5.103
 57271.5021281   4.544
 57272.495424    4.668
 57276.4687299   4.926
 57278.5641529   4.48
 57278.5726872   3.89
 57283.4872847   4.631
 57285.5031935   4.387
 57285.5119754   4.021
 57292.4710111   4.671
 57292.4795369   4.125
 57292.5670604   4.721
 57295.5057872   4.838
 57298.4740286   4.075
 57299.4804356   4.459
 57299.4893385   3.867
 57300.1748521   4.089
 57300.191392    3.602
 57306.5593181   4.635
 57306.5680496   4.002
 57310.4998097   4.258
 57311.4692474   4.046
 57321.4698996   4.687
 57321.4783916   4.031
 57327.5012503   4.305
 57328.4542165   5.021
 57328.4627104   4.139
 57329.4007176   4.718
 57331.1444056   3.633
 57331.1612821   2.905
 57335.4412364   4.238
 57335.4497639   3.934
 57336.4559838   3.941
 57340.4528431   4.375
 57340.4764352   3.661
 57342.4664272   4.809
 57342.4749134   3.437
 57343.452342    4.161
 57347.450607    4.88
 57349.438995    4.97
 57349.4475117   4.309
 57356.4548519   10.069
 57356.4633644   8.849
 57363.4465253   5.741
 57363.4550256   4.312
 57370.4499586   5.566
 57370.4587341   3.835
 57377.4500192   5.056
 57377.458486    3.815
 57377.5688993   3.96
 57378.4353247   5.61
 57380.4239216   3.135
 57384.4694845   5.315
 57384.4779816   3.806
 57391.4653341   4.96
 57391.473833    3.481
 57398.4468815   5.21
 57398.4553664   3.902
 57399.4569523   4.503
 57405.4909045   5.159
 57405.4993885   3.908
 57412.4983366   5.443
 57412.5068121   3.804
 57419.5145024   5.375
 57419.5230204   3.96
 57423.4489482   4.114
 57426.5128808   5.586
 57426.5213951   4.253
 57431.4781418   6.563
 57433.4976644   4.991
 57433.5061617   3.699
 57439.5321321   5.782
 57440.4896357   6.055
 57440.4981351   4.594
 57440.8377456   4.266
 57442.4256084   7.443
 57454.4954029   -0.411
 57454.5254041   -2.075
 57454.5789371   -0.646
 57461.4971721   -0.598
 57461.5056616   -2.013
 57464.4925428   -2.045
 57465.4907791   -0.647
 57468.4995481   -0.563
 57468.5080703   -1.913
 57470.5436678   -0.18
 57475.5177825   -0.232
 57475.5262864   -1.78
 57476.4948842   -0.094
 57478.499528    -1.827
 57479.503389    -1.801
 57482.503417    -0.396
 57482.5119461   -2.016
 57484.4670772   -0.427
 57488.4965123   -2.019
 57489.4485756   -0.445
 57489.4570922   -1.885
 57489.5210696   -0.408
 57495.4686067   -1.564
 57496.5184725   -0.378
 57496.5275218   -1.865
 57496.5685815   1.429
 57497.520179    -0.112
 57500.5101371   -1.674
 57503.5171442   -0.26
 57503.5256777   -1.723
 57503.5784657   -1.726
 57510.530666    -0.76
 57510.5391758   -1.873
 57513.4489061   -0.634
 57513.4589104   1.007
 57516.4313323   -0.378
 57517.4776421   -1.105
 57517.4862654   -2.417
 57520.502339    -2.076
 57523.5126534   -1.742
 57524.5276622   -0.722
 57524.5363143   -2.249
 57527.5514158   -1.988
 57529.4903995   -0.546
 57530.5077659   -1.888
 57531.500125    -0.836
 57531.5086301   -2.333
 57538.6358554   -0.352
 57538.6443532   -1.858
 57540.5649061   -1.81
 57543.5119349   -1.868
 57545.4762584   -0.357
 57545.4847711   -1.958
 57548.5242711   -0.883
 57548.5353482   -2.387
 57551.5396512   -0.775
 57551.5496545   -2.167
 57552.541437    -0.938
 57552.5499363   -2.385
 57552.600261    0.884
 57554.5247356   -2.202
 57555.5217401   -0.508
 57559.539156    -0.232
 57559.5476723   -1.917
 57566.5144253   -0.642
 57566.5232281   -2.497
 57567.5872634   -2.876
 57570.5210013   -1.681
 57571.5241884   -0.008
 57572.4523044   1.262
 57573.4679233   0.317
 57573.4767649   -2.194
 57576.5088728   -0.228
 57576.5189226   -2.008
 57580.521363    0.232
 57580.5298753   -1.399
 57582.5246465   -1.461
 57583.5377576   0.178
 57585.5215929   -1.809
 57587.5477943   -0.127
 57587.5563214   -1.681
 57590.511345    -1.827
 57593.5141219   -0.097
 57594.527966    -0.204
 57594.5366702   -1.841
 57595.5366026   -1.694
 57601.5157467   -0.455
 57601.5245428   -1.881
 57601.5761485   -1.813
 57608.5399498   -0.095
 57608.548466    -1.585
 57608.6137046   -0.09
 57610.4994842   -1.639
 57613.5320955   -0.031
 57615.6051315   -0.317
 57615.6136456   -1.813
 57616.4820735   -1.563
 57619.5338311   -0.252
 57619.5438466   -1.66
 57622.5419498   -0.74
 57622.5507472   -2.341
 57623.4760753   -1.622
 57629.503101    0.204
 57629.5119047   -1.556
 57629.5949701   0.028
 57629.6050134   -1.811
 57634.4711814   -1.815
 57635.5588381   -0.087
 57636.5128122   0.053
 57636.5213377   -1.847
 57639.494468    -1.524
 57640.5257796   -0.385
 57643.5209049   -0.712
 57643.5294193   -2.08
 57643.6108484   -0.491
 57643.6273234   -1.977
 57650.5063462   -0.579
 57650.5148805   -2.273
 57651.5016117   -2.003
 57654.4781042   -0.893
 57655.4988642   0.324
 57657.5143719   0.369
 57657.5228953   -1.113
 57662.3722407   -0.725
 57663.5299183   -1.353
 57664.4901219   0.419
 57664.4986152   -1.093
 57665.4684954   0.567
 57671.4724242   0.928
 57671.4808983   -0.58
 57674.5520935   0.847
 57674.5610499   -0.714
 57678.4915875   0.779
 57678.5000951   -0.781
 57680.5261871   0.659
 57684.5233255   0.741
 57685.4794909   0.56
 57685.4880036   -0.985
 57686.4373375   -0.911
 57687.5097458   0.255
 57690.5103136   -0.728
 57692.4743732   1.108
 57692.4828781   -0.44
 57699.4471216   0.693
 57699.4556511   -0.728
 57706.580833    1.042
 57706.5893588   -0.547
 57711.4490292   1.153
 57713.3913343   1.016
 57713.3998576   -0.275
 57723.4600487   1.068
 57723.468551    -0.712
 57723.6585936   0.874
 57726.4839293   1.173
 57728.4657037   -0.689
 57729.3846393   -0.641
 57742.434085    -0.25
 57744.481526    1.467
 57745.4536458   0.01
 57747.4657521   1.738
 57747.474273    0.094
 57748.5028823   0.017
 57753.4965393   1.301
 57754.4688166   1.077
 57754.4776114   -0.529
 57756.4932779   1.139
 57760.5297205   1.384
 57761.4526989   1.18
 57761.4612298   -0.519
 57764.4598173   1.589
 57769.6049021   1.666
 57785.9942538   1.048
 57786.0027467   -0.126
 57786.2340071   1.443
 57786.2425036   -0.057
 57786.4962548   1.599
 57786.504762    0.402
 57786.539231    0.086
 57787.515334    1.663
 57793.4893741   1.253
 57793.497878    -0.128
 57793.5414788   -0.154
 57797.5578443   1.85
 57797.5667773   0.287
 57800.5265968   1.434
 57800.5351366   -0.03
 57800.6251748   1.434
 57802.1615093   1.414
 57802.1783614   -0.018
 57805.472915    1.374
 57806.5262739   -0.002
 57807.505145    1.553
 57807.5139722   -0.007
 57808.458739    1.918
 57815.4983017   1.575
 57815.5067988   0.13
 57815.580603    0.014
 57821.5067663   0.224
 57822.5023758   1.569
 57822.5108869   0.093
 57829.4496914   1.499
 57829.4582069   -0.032
 57831.5456171   0.22
 57836.5097278   1.73
 57836.5184805   0.342
 57837.5044279   0.301
 57843.5567687   1.625
 57843.5654718   0.156
 57844.5303796   0.232
 57845.6253638   1.664
 57848.6116626   0.979
 57848.6204451   3.032
 57848.6213434   -0.044
 57850.5222555   1.854
 57850.5307888   0.313
 57852.5666555   1.784
 57853.5282568   0.34
 57856.5414468   0.138
 57857.5341832   1.244
 57857.5426964   -0.208
 57860.4928993   1.531
 57860.5029285   0.236
 57863.4287307   1.747
 57865.4956944   0.151
 57866.5387275   1.385
 57869.4794903   1.66
 57871.5095047   1.713
 57871.5180089   0.172
 57872.7176402   1.306
 57875.4918246   1.534
 57875.5018401   0.213
 57877.4949665   -0.144
 57878.5277904   1.287
 57878.5362865   -0.014
 57880.4821931   1.723
 57882.5141591   0.1
 57882.7783508   0.131
 57885.6969979   1.54
 57885.7055011   0.049
 57889.5621695   0.156
 57892.5467622   1.578
 57892.5552695   -0.07
 57899.4473477   1.337
 57899.455869    -0.176
 57904.4886012   -0.104
 57906.5431892   1.053
 57906.5517032   -0.284
 57909.5236813   3.232
 57913.5431327   1.515
 57913.5519683   -0.278
 57913.6068295   -0.207
 57917.5073369   -0.079
 57919.5424466   1.355
 57920.5239714   1.553
 57920.5324878   0.063
 57920.5939873   0.197
 57923.5134408   -0.089
 57927.5317343   1.653
 57927.5404501   -0.1
 57929.4458303   -0.219
 57934.5212821   1.371
 57934.5298152   -0.245
 57935.5026891   1.223
 57940.4952479   -0.057
 57941.5219641   1.171
 57941.5306602   -0.241
 57945.5147395   -0.217
 57948.5746974   1.31
 57948.5832319   -0.337
 57951.8314452   -0.414
 57953.5246152   1.466
 57954.5302954   1.162
 57955.5257131   1.7
 57955.5342639   0.347
 57957.4979123   1.994
 57962.5142087   1.372
 57962.5227198   -0.104
 57963.5187447   1.252
 57963.5726852   -0.124
 57969.528907    1.463
 57969.537423    -0.234
 57969.5865164   1.461
 57970.5230987   -0.088
 57974.5873868   1.785
 57974.6570349   1.564
 57974.6670789   0.128
 57980.5878523   1.396
 57980.5978564   -0.386
 57983.5202561   1.538
 57983.5287355   -0.199
 57983.6270983   -0.493
 57986.5585003   1.185
 57989.5800806   1.545
 57990.6726943   1.155
 57990.6811782   -0.121
 57992.4912432   1.495
 57997.4994351   1.014
 57997.5079214   -0.408
 58001.552466    1.091
 58004.516825    1.535
 58004.5253251   0.0
 58004.6369732   0.178
 58007.5333657   -0.11
 58011.4995808   0.808
 58011.5403019   -0.795
 58011.6574051   -0.863
 58013.5328652   1.077
 58014.4291641   -0.283
 58018.4756485   1.417
 58018.4841369   -0.327
 58018.5337933   1.45
 58018.5437814   -0.094
 58025.4736644   1.18
 58025.4821554   -0.537
 58027.4794889   1.51
 58028.5151658   0.29
 58031.5322943   1.973
 58032.4867943   1.746
 58032.4952921   0.104
 58032.623582    0.896
 58035.5152131   0.163
 58036.492334    -0.005
 58039.4891281   1.5
 58039.4976182   -0.042
 58046.6426238   0.84
 58046.6511232   -0.618
 58048.4777124   1.17
 58051.4934473   -0.398
 58056.4155114   1.706
 58056.5452701   0.106
 58060.449717    1.312
 58060.4582212   -0.242
 58063.5064933   -0.143
 58067.4678132   1.369
 58067.4763139   -0.097
 58067.6584415   -0.225
 58070.5070697   -0.11
 58074.4562957   1.314
 58074.4647984   -0.017
 58075.4960734   1.65
 58075.51218     0.235
 58078.4565667   2.052
 58079.5143398   -0.048
 58081.4658153   1.98
 58081.6627633   -0.501
 58082.7694439   1.228
 58088.4584613   1.756
 58088.4669532   0.091
 58089.4432667   1.479
 58089.4522472   -0.061
 58090.4518343   1.603
 58090.4603352   0.017
 58095.5494575   -0.12
 58097.4625186   1.328
 58097.4710469   -0.153
 58100.4692253   0.045
 58104.4476227   1.477
 58104.4561393   -0.07
 58105.586512    1.234
 58111.6080604   -0.106
 58111.690193    1.463
 58111.6986883   -0.135
 58117.4881998   0.083
 58118.449773    1.852
 58118.4584265   0.301
 58120.4831097   0.281
 58125.4609703   1.518
 58125.4694707   0.118
 58125.558176    0.321
 58131.4842578   3.191
 58132.4637839   1.726
 58132.4722885   0.22
 58134.6469992   1.821
 58134.6572614   0.171
 58139.4616054   1.818
 58139.4701011   0.489
 58142.4411107   1.476
 58146.5952978   0.932
 58146.6037866   -0.312
 58150.3518648   -0.083
 58152.4674969   1.461
 58153.466456    1.598
 58153.4749594   0.081
 58160.4731637   1.319
 58160.4816957   0.065
 58160.6266442   1.05
 58160.6355387   -0.296
 58163.6033332   1.158
 58163.607535    -0.107
 58167.5249047   1.729
 58167.5335917   0.473
 58168.5131185   2.116
 58169.4849197   0.78
 58171.5003793   1.951
 58174.5045647   2.143
 58174.5132561   0.59
 58174.5939919   0.425
 58177.5780384   2.211
 58177.5867437   0.697
 58181.5106507   1.788
 58181.5191852   0.289
 58181.6276171   0.436
 58184.5093922   3.0
 58187.5414812   0.229
 58188.4946831   1.488
 58188.5032187   0.007
 58191.5382474   0.501
 58194.5048797   2.047
 58195.4925587   2.095
 58195.5010814   0.603
 58195.6012548   0.569
 58199.4563778   1.899
 58201.4491404   2.446
 58202.4920368   2.23
 58202.5005304   0.798
 58203.3421586   2.648
 58203.3587052   0.966
 58203.4593999   2.817
 58205.4578178   2.499
 58207.4756056   2.192
 58209.4794034   2.661
 58209.5922148   2.475
 58209.6007143   1.025
 58210.5113946   4.206
 58211.565271    0.959
 58213.4864983   2.497
 58214.4958239   2.16
 58216.5286215   2.208
 58216.5371542   0.574
 58217.5156256   1.427
 58217.524172    0.123
 58217.6387471   1.917
 58220.5185916   1.956
 58223.4950208   1.581
 58224.5025146   1.72
 58224.5110586   0.245
 58227.6909006   0.113
 58228.4710005   2.088
 58229.4546866   1.696
 58231.509815    1.839
 58231.5186096   0.468
 58232.5148261   1.992
 58236.5774409   1.915
 58238.5259921   1.702
 58238.5344995   0.152
 58239.517068    1.786
 58242.537203    2.592
 58242.5463105   -0.18
 58242.9344612   0.633
 58247.5461635   2.665
 58247.5548503   1.182
 58249.5328392   2.655
 58252.538874    2.442
 58254.5061908   2.183
 58254.5149408   0.654
 58261.5404208   2.527
 58261.5489405   1.065
 58262.5400853   2.518
 58264.4904055   4.107
 58265.5593084   2.243
 58268.5437724   2.674
 58268.5522992   1.021
 58271.4952757   2.766
 58272.5409094   4.129
 58275.5220478   2.674
 58275.5305695   1.057
 58277.5048418   0.97
 58278.5000204   1.081
 58279.5137003   2.93
 58282.526149    2.349
 58282.5349632   0.359
 58284.5385821   2.4
 58284.5475679   0.638
 58288.6037394   2.046
 58289.5226405   2.355
 58289.5311801   0.751
 58290.5541369   2.171
 58296.5181025   2.327
 58296.5267612   0.626
 58298.5349025   2.546
 58299.4543601   3.834
 58301.5581207   2.267
 58301.5749498   0.655
 58303.5390939   2.934
 58303.547642    0.781
 58304.5332479   2.461
 58305.5566256   0.719
 58310.5168792   2.365
 58310.5257341   0.676
 58312.6102884   1.718
 58316.5338659   2.498
 58317.5398946   2.372
 58317.5485721   0.828
 58323.5540326   2.461
 58324.5103708   2.529
 58324.5188738   0.838
 58327.5275513   2.304
 58330.5252274   2.446
 58331.4566148   2.264
 58331.4651295   0.585
 58338.5069306   2.165
 58338.5154631   0.639
 58338.606563    2.087
 58338.6157234   0.588
 58342.5543459   2.247
 58342.5633014   0.778
 58345.508042    2.095
 58345.5165501   0.668
 58351.5241509   0.949
 58352.5179615   2.147
 58352.5266399   0.688
 58352.5758026   2.162
 58354.5316955   3.886
 58355.4958914   2.362
 58359.5305565   2.416
 58359.5390603   0.861
 58360.8474556   1.653
 58360.8574693   0.523
 58362.5007244   2.934
 58362.510771    1.123
 58362.7170557   3.638
 58363.5299492   2.21
 58364.4862056   0.04
 58366.496061    1.93
 58366.5045555   0.613
 58368.5078476   2.006
 58371.4687057   3.95
 58372.5414034   2.212
 58373.5430496   2.183
 58373.5605933   0.626
 58379.5106603   0.771
 58380.4931405   1.969
 58380.5016862   0.542
 58387.5031344   2.09
 58387.5117471   0.536
 58393.5053096   0.618
 58394.5073175   1.987
 58394.5161548   0.514
 58397.4340263   1.735
 58397.4440328   0.414
 58400.4859242   0.924
 58401.4740305   2.5
 58401.4828092   0.932
 58403.5092197   0.864
 58405.7587283   2.944
 58407.4593021   0.651
 58408.4607962   2.409
 58408.4693074   0.884
 58410.491414    0.335
 58412.4938039   1.965
 58414.4688847   0.761
 58415.5008338   2.337
 58415.5093232   0.751
 58415.5861908   2.038
 58421.4703413   2.224
 58422.4608488   1.979
 58422.4693493   0.522
 58424.473214    1.985
 58426.4891627   0.739
 58429.4779467   2.097
 58429.4865384   0.654
 58436.4428847   1.825
 58436.4513916   0.751
 58438.4629128   0.564
 58441.4573213   2.092
 58441.4662614   0.611
 58443.4842176   1.966
 58443.4927077   0.49
 58444.4990664   2.101
 58444.5080261   0.621
 58447.4727381   1.962
 58448.4435824   0.762
 58450.4451702   2.276
 58450.4536689   0.78
 58451.4652963   1.002
 58455.4390358   1.258
 58456.4425714   2.559
 58457.4511369   2.503
 58457.4598073   0.971
 58457.5386074   0.886
 58460.4338562   0.656
 58461.4577078   0.535
 58463.6248767   3.391
 58464.4531014   1.496
 58464.4615812   0.225
 58471.4636966   1.824
 58471.4722029   0.202
 58471.5388962   0.275
 58475.442554    0.35
 58478.4452858   1.696
 58478.453827    0.317
 58479.4517232   0.384
 58482.4650413   0.082
 58484.4528468   1.632
 58485.4361655   1.592
 58485.4446555   0.111
 58486.4559725   0.094
 58488.4155355   1.731
 58489.4951704   0.284
 58492.4706267   2.103
 58492.4791118   0.539
 58499.4698332   1.971
 58499.4786071   0.426
 58500.4623738   0.613
 58506.4715451   1.548
 58506.4800483   0.222
 58507.5885176   0.278
 58511.4680453   0.292
 58513.4243399   1.512
 58513.4328244   0.259
 58517.5897943   1.748
 58517.6062338   0.319
 58520.4730151   1.681
 58520.4815525   0.454
 58520.5534695   1.877
 58520.5575129   0.576
 58524.4581779   0.566
 58526.4852168   1.825
 58527.5139265   1.711
 58527.5224488   0.351
 58532.5495936   0.51
 58534.4892392   2.238
 58534.4979876   0.791
 58535.519348    0.477
 58536.4693922   1.989
 58538.4897805   0.587
 58541.4889825   2.13
 58541.4975305   0.685
 58548.4994299   1.763
 58548.5079778   0.254
 58550.4696499   0.346
 58555.4948497   1.995
 58555.503376    0.614
 58561.5076587   0.629
 58562.4712253   2.05
 58562.5724374   1.787
 58562.580962    0.396
 58565.4779927   1.926
 58568.4605183   2.046
 58569.4943808   2.011
 58569.5028906   0.559
 58574.4710529   1.972
 58575.5864008   0.71
 58576.3790555   0.526
 58576.4588846   1.777
 58576.4674197   0.422
 58577.5284692   2.144
 58583.496502    1.741
 58583.5050206   0.369
 58586.4643408   0.552
 58590.6792054   1.541
 58590.6877069   0.055
 58593.5535103   0.349
 58597.4585508   1.936
 58597.4670664   0.4
 58598.4551287   2.185
 58604.5119973   2.069
 58604.5205088   0.604
 58608.50156     0.569
 58611.455216    1.441
 58611.4638804   -0.172
 58612.5300347   0.539
 58613.4957412   2.248
 58618.5355031   1.843
 58618.5441702   0.376
 58621.5167694   0.452
 58623.4951604   2.403
 58624.5479632   0.544
 58625.5491295   2.264
 58625.5576237   0.701
 58631.5181442   0.525
 58632.5288686   1.593
 58632.5373691   -0.019
 58639.5143858   1.625
 58639.5229096   0.14
 58644.5022956   3.586
 58646.5295997   2.307
 58646.5380968   0.471
 58646.59804     0.629
 58653.5173466   1.257
 58653.5258552   -0.157
 58660.5732236   2.118
 58660.5817193   0.568
 58664.4833885   0.358
 58666.4784696   0.618
 58667.5266377   1.644
 58667.5351362   0.282
 58671.5064277   2.079
 58673.4819539   0.266
 58674.5134241   1.82
 58674.5219416   0.411
 58678.5474477   2.332
 58681.5235906   1.745
 58681.5321018   0.194
 58681.761941    1.533
 58681.7707508   -0.102
 58682.4721139   2.217
 58688.7253477   1.66
 58688.7338772   0.082
 58695.5095279   1.557
 58695.5180532   0.191
 58698.567131    0.291
 58700.7942129   -0.004
 58701.4825066   0.478
 58702.5420787   1.949
 58702.5505856   0.458
 58705.5221638   2.042
 58707.5227429   0.344
 58709.5025221   1.686
 58709.5110566   0.173
 58713.4479061   0.461
 58716.5231474   1.733
 58716.5316952   0.125
 58723.5774963   1.523
 58723.5860276   0.174
 58724.4878719   0.649
 58730.5142082   2.556
 58730.5228108   1.129
 58732.4757507   0.992
 58737.4821808   2.429
 58737.4907049   0.855
 58744.4870211   2.425
 58744.4955301   1.0
 58748.461322    0.086
 58751.4915787   1.958
 58751.5000802   0.505
 58761.499802    2.539
 58761.5086565   1.047
 58765.49523     0.759
 58768.6713646   2.321
 58768.7495583   0.745
 58775.4543962   2.593
 58775.4629109   0.927
 58782.5543404   1.911
 58782.5631341   0.384
 58786.4722677   0.703
 58789.4621416   1.747
 58789.6301331   0.214
 58792.438175    0.999
 58796.638098    1.801
 58796.6466141   0.391
 58800.4307806   0.684
 58803.4444072   2.262
 58803.4529456   0.714
 58803.5698915   2.323
 58803.5784215   0.716
 58806.4342872   2.286
 58807.4253599   2.345
 58810.4611391   2.213
 58810.4696663   0.627
 58817.4333663   2.2
 58817.4418939   0.762
 58820.4224764   0.947
 58824.4363051   2.591
 58824.4448546   1.225
 58831.4522657   2.393
 58831.460958    1.127
 58832.4268743   1.402
 58838.4627354   2.613
 58838.4715453   1.046
 58838.5956629   1.054
 58841.4648091   0.944
 58845.3983764   2.523
 58845.4069165   1.042

