!mjd_obs        !mean_dy        !mean_dx       
!---------------!---------------!---------------
 56659.3719684   -5.421          0.009         
 56660.4287565   -6.836          -2.602        
 56660.4403382   -10.246         -0.336        
 56661.4385692   -5.776          0.044         
 56663.4409793   -5.659          -0.049        
 56664.3778235   -10.941         -0.245        
 56666.4433785   -6.64           -2.417        
 56666.4515462   -5.311          0.07          
 56667.3965392   -9.912          -0.382        
 56667.4570487   -6.224          -2.698        
 56667.4686364   -9.728          -0.327        
 56669.4196843   -6.502          -2.564        
 56672.4147532   -6.175          -2.622        
 56674.372612    -6.513          -2.592        
 56674.3841917   -9.781          -0.493        
 56675.3937715   -6.258          -2.627        
 56675.4019389   -9.605          -0.429        
 56681.4401064   -6.983          -2.619        
 56681.4516897   -10.433         -0.361        
 56684.428319    -6.521          -2.104        
 56684.4373223   -5.041          0.016         
 56685.4268432   -6.412          -2.212        
 56685.4497994   -9.936          -0.243        
 56687.4241686   -5.5            0.112         
 56688.4423658   -7.108          -2.059        
 56688.4539396   -10.488         -0.003        
 56689.4315638   -6.546          -2.257        
 56690.4276264   -5.228          0.033         
 56691.4254296   -5.406          0.049         
 56692.4375509   -7.291          -2.211        
 56694.4354918   -10.192         -0.36         
 56694.4366601   -5.227          0.076         
 56695.4539834   -6.671          -2.362        
 56695.4655716   -9.488          -0.38         
 56697.4425435   -5.091          0.044         
 56697.4434138   -10.008         -0.372        
 56700.4452944   -5.392          0.035         
 56702.4394325   -6.821          -2.352        
 56702.4511758   -10.427         -0.206        
 56703.4133895   -6.96           -2.235        
 56704.4289761   -5.269          0.072         
 56709.461521    -6.948          -2.251        
 56709.4731204   -10.204         -0.229        
 56712.4565665   -6.87           -2.411        
 56712.4657175   -5.234          -0.087        
 56714.4521917   -10.285         -0.258        
 56715.461111    -5.218          -0.042        
 56716.4562233   -6.833          -2.476        
 56716.4677988   -10.0           -0.255        
 56716.5221407   -6.995          -2.382        
 56718.5617162   -5.511          0.048         
 56721.4978032   -5.271          0.015         
 56721.4986729   -10.421         -0.109        
 56723.4679702   -6.8            -2.319        
 56723.4795817   -10.024         -0.199        
 56724.4654224   -5.671          -0.004        
 56724.4662932   -11.054         -0.215        
 56725.4453533   -7.28           -2.176        
 56727.4834584   -7.473          -2.175        
 56728.4851531   -7.459          -2.219        
 56729.4475269   -5.732          0.079         
 56729.4484039   -11.013         0.0           
 56730.4760306   -7.56           -2.101        
 56730.4876095   -10.484         0.018         
 56734.4464635   -5.881          0.022         
 56737.4693347   -6.734          -2.658        
 56737.4812187   -10.089         -0.454        
 56737.5764364   -3.595          -0.627        
 56737.5771792   -6.813          -2.606        
 56737.6052122   -10.059         -0.378        
 56737.6063729   -9.99           -0.123        
 56737.6071951   -10.079         -0.377        
 56737.6081642   -5.39           -0.028        
 56738.6004132   -3.396          -0.63         
 56738.6079781   -3.63           -1.279        
 56740.454032    -5.93           -0.078        
 56744.4650797   -7.72           -2.458        
 56744.476664    -11.106         -0.19         
 56744.5322295   -5.917          0.039         
 56745.4506345   -10.839         -0.09         
 56748.4248634   -5.387          0.014         
 56749.4600238   -6.67           -2.632        
 56749.4687739   -10.183         -0.384        
 56751.4625361   -6.318          -2.69         
 56751.4741151   -9.836          -0.668        
 56758.4778644   -7.357          -2.64         
 56758.4896136   -10.855         -0.248        
 56759.4541308   -5.466          -0.019        
 56759.455009    -10.261         -0.318        
 56762.5286285   -5.547          -0.099        
 56762.5295062   -10.535         -0.605        
 56763.4714055   -6.863          -2.654        
 56765.5037254   -6.497          -2.636        
 56765.5153286   -10.131         -0.441        
 56766.5024144   -5.384          -0.041        
 56768.4932551   -6.829          -2.802        
 56769.4740951   -5.565          -0.087        
 56769.4749733   -10.603         -0.539        
 56772.4907826   -6.964          -2.698        
 56772.5023456   -10.094         -0.455        
 56772.5575057   -5.39           -0.016        
 56772.5583753   -10.135         -0.482        
 56775.4538218   -10.427         -0.397        
 56775.4549844   -5.502          -0.101        
 56779.475765    -6.921          -2.631        
 56779.4883602   -10.024         -0.421        
 56779.5443713   -10.206         -0.291        
 56779.5466745   -5.382          0.002         
 56782.4846376   -7.43           -2.529        
 56782.4955244   -5.753          0.029         
 56785.705599    -11.07          -0.298        
 56786.4702901   -6.725          -2.863        
 56786.4818641   -10.458         -0.501        
 56786.537352    -5.53           0.01          
 56787.8074124   -6.331          -2.484        
 56789.4707221   -4.759          0.198         
 56789.4715911   -10.133         -0.013        
 56789.683958    -5.466          0.137         
 56789.6848189   -10.369         0.016         
 56792.4714339   -9.852          -0.205        
 56793.5070493   -6.701          -2.48         
 56793.5186326   -10.143         -0.247        
 56803.4822389   -6.706          -2.26         
 56803.494124    -10.406         0.405         
 56803.5489096   -6.815          -2.2          
 56803.5581271   -5.292          0.264         
 56806.5075984   -5.613          -0.008        
 56806.5084708   -10.658         -0.25         
 56809.5164495   -10.127         -0.117        
 56810.5101179   -7.284          -2.473        
 56810.5216952   -10.47          -0.019        
 56810.5772678   -5.522          0.074         
 56811.4365857   -7.346          -2.421        
 56812.5049693   -10.321         -0.231        
 56813.5097265   -3.96           -1.006        
 56813.5167659   -5.782          0.142         
 56817.4744175   -7.127          -2.312        
 56817.4860034   -10.374         0.178         
 56824.4403396   -7.329          -2.672        
 56824.4519272   -10.544         -0.268        
 56826.715771    -7.145          -2.75         
 56826.7246943   -5.721          -0.1          
 56827.474701    -11.072         -0.503        
 56828.5014349   -5.545          -0.163        
 56829.4871479   -3.694          -1.258        
 56831.5103777   -7.582          -2.428        
 56831.5223172   -10.714         -0.172        
 56831.5772962   -10.648         -0.183        
 56833.4824215   -11.375         0.308         
 56833.483385    -6.013          0.254         
 56834.4611248   -11.053         0.503         
 56836.4698447   -5.402          0.194         
 56837.4785675   -3.559          -1.312        
 56838.5098353   -7.015          -2.432        
 56838.5214251   -10.279         -0.215        
 56839.5650484   -10.604         -0.105        
 56839.5662151   -5.565          0.078         
 56840.4831804   -7.438          -2.426        
 56842.4540586   -5.975          0.389         
 56842.6067057   -5.702          0.276         
 56842.6156983   -5.98           0.428         
 56844.5018445   -5.764          0.369         
 56845.5012734   -6.25           -2.38         
 56845.5130381   -10.093         -0.157        
 56845.5732842   -5.334          0.321         
 56846.4816813   -5.53           0.009         
 56848.5091859   -10.258         -0.379        
 56850.4795822   -5.631          -0.034        
 56852.5094393   -6.605          -2.627        
 56852.5210497   -10.189         -0.545        
 56858.4994494   -10.682         -0.587        
 56858.5006245   -5.629          -0.129        
 56859.4983543   -7.216          -2.504        
 56859.5099317   -10.505         -0.343        
 56860.4908904   -3.943          -1.069        
 56861.4690829   -7.624          -2.245        
 56861.4780539   -5.789          0.224         
 56864.521596    -5.78           0.029         
 56865.4453804   -7.0            -2.395        
 56866.498955    -7.097          -2.498        
 56866.5105301   -10.573         -0.34         
 56868.4821424   -7.207          -2.727        
 56868.4831858   -3.936          -1.39         
 56868.4973249   -5.705          -0.171        
 56870.4909052   -11.09          -0.622        
 56871.4804441   -5.851          -0.174        
 56873.4985567   -7.45           -2.899        
 56873.5102919   -10.918         -0.657        
 56873.5648727   -3.874          -1.373        
 56874.4835079   -7.505          -2.825        
 56874.4950814   -11.108         -0.492        
 56874.5516266   -11.115         -0.451        
 56874.5527944   -5.854          -0.21         
 56875.4959281   -7.614          -2.616        
 56875.5075137   -11.004         -0.273        
 56876.500966    -7.508          -2.593        
 56877.4892763   -5.719          -0.107        
 56878.5078713   -4.004          -1.289        
 56879.467543    -7.412          -2.71         
 56882.4822826   -7.266          -2.762        
 56882.4938613   -10.524         -0.5          
 56882.5492434   -10.6           -0.477        
 56884.4679377   -7.243          -2.64         
 56885.4840761   -3.986          -1.448        
 56885.4910915   -10.77          -0.451        
 56888.4826174   -5.872          -0.257        
 56889.4726389   -7.535          -2.962        
 56889.4842171   -10.908         -0.61         
 56890.4786581   -11.082         -0.555        
 56891.4714541   -5.962          -0.082        
 56895.469575    -5.83           -0.007        
 56896.4672369   -7.067          -2.446        
 56896.4788684   -10.677         -0.161        
 56896.5341713   -10.839         -0.193        
 56897.455761    -7.336          -2.549        
 56899.4734422   -5.747          0.01          
 56901.4723364   -7.165          -2.466        
 56903.4757556   -7.366          -2.798        
 56903.4873289   -10.696         -0.518        
 56903.5435183   -10.632         -0.497        
 56903.5446897   -5.65           -0.06         
 56906.547303    -10.466         -0.353        
 56906.5484755   -5.563          -0.075        
 56910.4862633   -7.052          -2.816        
 56910.4978629   -10.49          -0.528        
 56914.381409    -6.894          -2.433        
 56915.4093925   -10.471         -0.547        
 56917.4123023   -7.342          -2.801        
 56917.4240489   -11.105         -0.44         
 56919.3944388   -5.866          0.04          
 56920.4565425   -7.301          -2.569        
 56921.5517961   -10.703         -0.5          
 56923.4452306   -8.12           -2.567        
 56924.4623271   -7.425          -2.648        
 56924.4807113   -10.773         -0.332        
 56925.4069998   -11.298         -0.34         
 56925.4708792   -5.877          -0.052        
 56926.4353937   -7.524          -2.645        
 56927.407384    -10.917         -0.622        
 56927.4740494   -7.109          -2.786        
 56927.4820977   -5.618          -0.106        
 56929.4513172   -7.537          -2.761        
 56929.460234    -5.828          -0.12         
 56931.448668    -7.102          -2.801        
 56931.4602452   -10.788         -0.613        
 56932.4326144   -7.305          -2.882        
 56932.4411029   -10.804         -0.578        
 56936.4560805   -7.113          -2.906        
 56936.4650394   -10.871         -0.599        
 56936.4662104   -5.704          -0.227        
 56938.4572975   -7.754          -2.976        
 56938.468907    -11.136         -0.808        
 56939.4302623   -11.231         -0.77         
 56939.4314306   -5.93           -0.255        
 56940.4513253   -7.538          -2.839        
 56942.4340703   -10.936         -0.853        
 56943.4350073   -7.75           -2.922        
 56945.4678761   -7.661          -2.987        
 56945.4794635   -11.158         -0.84         
 56949.4414478   -11.18          -0.626        
 56949.4426216   -5.901          -0.259        
 56952.3878264   -7.335          -2.86         
 56952.3995774   -10.932         -0.691        
 56954.4277132   -7.414          -2.923        
 56954.4366394   -10.875         -0.653        
 56954.4375967   -5.694          -0.306        
 56956.4105481   -4.015          -1.463        
 56958.4089032   -11.016         -0.606        
 56959.4566433   -7.459          -2.835        
 56959.4682566   -10.972         -0.604        
 56959.5230988   -7.574          -2.868        
 56965.4235014   -7.439          -2.774        
 56965.4324099   -10.882         -0.532        
 56966.4451536   -7.45           -2.855        
 56966.4570486   -10.746         -0.542        
 56973.4460145   -7.674          -2.738        
 56973.4575998   -11.007         -0.543        
 56977.4011629   -7.068          -2.706        
 56977.4100594   -10.758         -0.442        
 56978.3922556   -10.887         -0.583        
 56978.4460662   -5.753          -0.195        
 56980.4143524   -7.378          -2.862        
 56980.4259398   -10.915         -0.511        
 56981.3957235   -5.736          -0.146        
 56982.3006321   -10.855         -0.602        
 56983.3982751   -6.99           -2.875        
 56983.407211    -10.491         -0.572        
 56984.3977758   -5.867          -0.219        
 56987.3746169   -11.112         -0.614        
 56987.4352026   -7.618          -2.846        
 56987.4468027   -10.87          -0.473        
 56987.5018339   -5.831          -0.144        
 56989.409199    -5.693          -0.176        
 56994.4264531   -7.356          -2.803        
 56994.4380403   -10.724         -0.603        
 56994.4923395   -7.364          -2.898        
 56999.4002401   -7.603          -2.943        
 56999.4091834   -5.696          -0.277        
 57001.3755286   -7.427          -2.813        
 57001.3871037   -11.0           -0.702        
 57003.397642    -11.191         -0.636        
 57004.3961042   -10.949         -0.572        
 57005.3926259   -11.153         -0.599        
 57005.4591826   -7.576          -2.85         
 57008.4178578   -7.344          -2.832        
 57008.4294552   -10.69          -0.6          
 57010.3834236   -11.079         -0.641        
 57010.4493004   -5.822          -0.219        
 57012.4255153   -7.809          -2.731        
 57013.4405038   -10.997         -0.574        
 57015.4180741   -10.75          -0.58         
 57015.4907347   -7.288          -2.902        
 57015.5023178   -10.795         -0.51         
 57015.5574115   -5.575          -0.209        
 57018.4065571   -11.061         -0.668        
 57018.4077776   -5.802          -0.293        
 57022.423212    -7.554          -2.843        
 57022.4348117   -11.012         -0.584        
 57024.3838196   -11.246         -0.643        
 57025.403201    -11.331         -0.728        
 57027.4145578   -7.232          -2.965        
 57029.4396739   -7.054          -3.049        
 57029.4512763   -10.664         -0.77         
 57035.43474     -11.056         -0.7          
 57036.3850179   -7.526          -3.012        
 57036.3966281   -10.942         -0.729        
 57036.4509292   -7.142          -2.977        
 57038.4237448   -5.88           -0.285        
 57041.4236009   -5.873          -0.299        
 57042.4226752   -7.251          -2.832        
 57043.4316961   -7.393          -2.99         
 57043.4638381   -7.308          -3.042        
 57043.4754212   -10.86          -0.65         
 57047.4319846   -7.457          -2.901        
 57047.4409171   -5.707          -0.292        
 57050.4084023   -7.648          -2.883        
 57050.4199977   -11.154         -0.588        
 57051.4500995   -11.224         -0.724        
 57051.4513216   -5.901          -0.237        
 57052.2659907   -7.064          -3.066        
 57054.4489032   -5.703          -0.398        
 57057.4559066   -7.135          -3.22         
 57057.4674753   -10.611         -0.85         
 57057.5228101   -10.898         -0.864        
 57061.377312    -11.042         -0.817        
 57064.3898912   -7.335          -3.042        
 57064.4015048   -10.774         -0.655        
 57065.4607472   -7.562          -3.052        
 57069.4413043   -7.32           -3.051        
 57069.4502333   -5.709          -0.25         
 57069.451107    -10.928         -0.73         
 57071.4526044   -7.668          -2.987        
 57071.4641812   -11.064         -0.772        
 57071.5191417   -3.949          -1.57         
 57072.4069194   -7.662          -3.091        
 57076.4185383   -11.068         -0.745        
 57078.4471092   -7.173          -3.103        
 57078.4586823   -10.666         -0.838        
 57079.7720924   -7.627          -3.062        
 57080.4477663   -7.407          -3.024        
 57085.4921208   -7.342          -3.023        
 57085.5038642   -10.946         -0.748        
 57087.4614385   -7.564          -3.189        
 57087.4776737   -10.914         -0.844        
 57087.478903    -5.756          -0.323        
 57092.4983847   -7.212          -3.391        
 57092.51034     -10.786         -1.145        
 57093.4847007   -11.023         -1.314        
 57097.3912571   -11.369         -0.942        
 57099.4811729   -7.416          -3.269        
 57099.4927712   -10.625         -0.886        
 57110.3777866   -10.48          -0.647        
 57111.481684    -6.993          -3.082        
 57111.493253    -10.469         -0.674        
 57118.474951    -1.618          -3.458        
 57118.4865258   -4.931          -1.174        
 57118.540924    -1.526          -3.335        
 57118.5491332   -4.807          -1.122        
 57118.5503607   -2.781          -0.484        
 57119.4728744   -2.947          -3.413        
 57120.1662153   -2.809          -3.389        
 57124.4787267   -3.479          -0.544        
 57125.4901282   -3.23           -3.379        
 57125.501709    -6.048          -1.068        
 57125.5559934   -2.946          -3.42         
 57126.4746018   -5.935          -1.143        
 57127.4866215   -3.511          -0.457        
 57128.4659861   -2.95           -3.325        
 57130.4675918   -3.133          -0.315        
 57132.4834287   -3.279          -3.236        
 57132.4950185   -6.078          -0.708        
 57133.4625901   -3.353          -0.225        
 57136.458561    -2.959          -3.404        
 57139.4077537   -2.596          -3.457        
 57139.4193382   -5.748          -0.97         
 57140.3248147   -5.905          -1.225        
 57142.4743478   -2.92           -3.383        
 57143.4628471   -6.459          -1.066        
 57146.4699265   -2.871          -3.339        
 57146.4816685   -5.866          -0.861        
 57146.537052    -3.086          -0.291        
 57146.5379281   -5.472          -0.747        
 57156.497885    -3.019          -3.345        
 57156.5094588   -5.829          -0.795        
 57157.5180324   -3.277          -3.175        
 57157.527653    -3.236          -0.304        
 57160.4925874   -2.784          -3.032        
 57160.501841    -5.5            -0.656        
 57161.4891922   -3.185          -0.273        
 57163.4888162   -2.669          -3.352        
 57163.5004166   -5.549          -0.911        
 57164.4819582   -2.711          -3.335        
 57164.4905191   -3.231          -0.408        
 57166.483056    -5.971          -0.813        
 57167.4159102   -2.807          -3.271        
 57169.477216    -3.161          -2.984        
 57170.4824037   -2.888          -2.975        
 57170.4943773   -5.736          -0.625        
 57172.4815873   -3.115          -2.892        
 57173.4843212   -3.166          -0.209        
 57175.5990736   -2.659          -3.238        
 57176.4852042   -2.921          -0.388        
 57177.5223311   -3.07           -3.331        
 57177.5339208   -5.608          -0.957        
 57184.5206134   -2.725          -3.204        
 57184.5321969   -5.62           -0.788        
 57185.4940409   -2.79           -3.065        
 57185.5032664   -3.23           -0.257        
 57191.4803751   -2.548          -3.194        
 57191.4919297   -5.077          -0.637        
 57191.5467316   -2.308          -3.012        
 57191.5644066   -2.854          -0.26         
 57192.4805912   -4.922          -0.809        
 57195.4734628   -2.501          -3.286        
 57195.4816789   -3.252          -0.363        
 57198.5145736   -2.844          -3.181        
 57198.5261515   -5.715          -0.775        
 57199.5185323   -2.732          -3.223        
 57199.5217      -5.521          -0.924        
 57199.5229149   -3.139          -0.397        
 57202.4414464   -5.843          -0.877        
 57203.4997543   -2.934          -3.124        
 57203.5162355   -3.092          -0.251        
 57205.7527817   -2.497          -2.955        
 57205.7643717   -5.365          -0.525        
 57206.4760512   -2.664          -2.924        
 57206.4852931   -5.587          -0.525        
 57212.524493    -2.606          -2.996        
 57212.5361086   -5.346          -0.689        
 57213.4572199   -3.117          -0.278        
 57216.4994668   -3.313          -2.877        
 57216.5087042   -3.44           -0.122        
 57219.4966165   -2.805          -2.786        
 57219.5081836   -5.506          -0.444        
 57220.4873168   -5.415          -0.709        
 57220.4885477   -3.048          -0.247        
 57223.4848494   -2.712          -2.855        
 57223.485901    -1.619          -1.461        
 57223.5004032   -5.479          -0.653        
 57223.5016301   -3.115          -0.237        
 57225.9013298   -2.189          -3.07         
 57225.9023853   -1.414          -1.469        
 57225.9168618   -5.249          -0.571        
 57225.918088    -3.018          -0.222        
 57226.5139654   -2.661          -3.001        
 57226.5257576   -5.794          -0.651        
 57229.4955329   -2.676          -3.265        
 57229.5071231   -5.593          -0.798        
 57229.5621831   -5.644          -0.814        
 57229.5634078   -3.164          -0.29         
 57230.4953929   -1.606          -1.526        
 57232.4840552   -3.307          -0.269        
 57234.4885041   -5.933          -0.628        
 57236.5689839   -2.923          -3.089        
 57236.5805646   -5.772          -0.63         
 57244.7202883   -2.895          -2.868        
 57244.73186     -5.468          -0.583        
 57246.5801673   -5.845          -0.108        
 57248.481935    -3.274          -0.055        
 57250.3482735   -2.435          -2.803        
 57250.3598509   -5.155          -0.404        
 57250.4343793   -2.484          -2.9          
 57251.2896055   -3.147          -2.651        
 57251.2991275   -6.066          -0.289        
 57254.5002805   -3.214          -0.209        
 57255.5188251   -2.643          -3.138        
 57257.499601    -2.468          -3.098        
 57257.5111639   -5.155          -0.658        
 57257.5674056   -5.108          -0.63         
 57258.499147    -5.745          -0.69         
 57259.4878409   -5.704          -0.645        
 57260.5609068   -5.752          -0.594        
 57261.4838519   -5.658          -0.623        
 57264.4868997   -2.589          -3.262        
 57264.49848     -5.419          -1.008        
 57268.478732    -3.273          -0.452        
 57269.48409     -3.121          -0.361        
 57270.4902656   -3.245          -0.338        
 57271.4615455   -3.076          -3.101        
 57271.4731103   -6.049          -0.639        
 57272.4553172   -3.386          -2.9          
 57273.4510543   -3.21           -0.072        
 57276.4556237   -2.657          -2.953        
 57276.4648585   -3.122          -0.237        
 57277.4562114   -3.218          -0.211        
 57278.5320392   -2.209          -3.091        
 57278.5440067   -5.244          -0.702        
 57282.4588857   -3.176          -0.305        
 57282.6667335   -3.216          -0.21         
 57283.4660006   -2.797          -3.009        
 57285.4714586   -2.666          -3.406        
 57285.4830295   -5.593          -0.774        
 57292.4392721   -2.846          -2.977        
 57292.4508458   -5.484          -0.663        
 57292.5053605   -2.901          -2.851        
 57292.5146152   -3.312          -0.266        
 57295.452531    -3.0            -3.214        
 57295.4619505   -3.329          -0.321        
 57298.4519691   -2.33           -3.102        
 57299.448666    -2.203          -3.348        
 57299.460238    -4.745          -0.897        
 57299.5158954   -2.822          -0.365        
 57300.0535719   -2.44           -3.408        
 57300.0600565   -1.48           -1.614        
 57300.0851182   -5.08           -0.9          
 57300.0928446   -2.834          -0.384        
 57306.5275794   -2.36           -2.823        
 57306.5391748   -5.456          -0.584        
 57306.5947152   -2.924          -0.11         
 57310.4619494   -2.69           -2.749        
 57310.4711899   -3.211          -0.146        
 57321.4382212   -2.695          -3.42         
 57321.4497852   -5.602          -0.936        
 57321.5039517   -2.685          -3.286        
 57327.4164558   -2.635          -3.102        
 57327.4258563   -5.722          -0.73         
 57327.4270764   -3.21           -0.186        
 57328.4223657   -2.947          -2.838        
 57328.4340813   -5.795          -0.549        
 57331.023318    -2.343          -2.829        
 57331.0297918   -1.459          -1.472        
 57331.0548327   -4.798          -0.512        
 57331.0627154   -2.876          -0.174        
 57335.4095162   -3.021          -3.187        
 57335.4210789   -5.707          -0.715        
 57335.476355    -3.247          -0.343        
 57336.4232623   -5.847          -0.706        
 57338.4384394   -3.297          -0.339        
 57340.3860612   -2.464          -3.162        
 57340.3952825   -5.734          -0.979        
 57342.4342978   -2.871          -3.243        
 57342.4458848   -5.826          -0.928        
 57342.5012761   -3.253          -0.338        
 57343.4112002   -2.621          -3.117        
 57347.4109411   -2.345          -3.163        
 57349.4072094   -2.321          -3.094        
 57349.4187873   -5.312          -0.759        
 57356.4230278   -0.626          -6.029        
 57356.4346086   -5.809          -3.896        
 57357.4197845   -0.25           -0.226        
 57358.5899627   -0.27           -0.265        
 57358.824982    -4.169          -2.018        
 57359.4603787   -4.288          -2.033        
 57360.4363393   -3.334          -2.068        
 57363.4142679   -5.006          0.109         
 57363.4262082   -0.839          -0.238        
 57370.41806     -3.728          -2.602        
 57370.4296268   -5.998          -0.393        
 57377.4183147   -3.324          -2.491        
 57377.4298988   -5.232          -0.347        
 57377.4840386   -3.23           -2.643        
 57377.4930745   -2.908          0.143         
 57378.407912    -5.535          -0.263        
 57380.4149577   -3.007          -2.766        
 57384.4377711   -3.202          -2.629        
 57384.4493415   -5.175          -0.17         
 57391.4336106   -3.497          -2.667        
 57391.4451895   -5.471          -0.46         
 57397.4207171   -3.269          -0.027        
 57398.4150174   -3.345          -2.711        
 57398.4267575   -5.717          -0.322        
 57399.4244166   -3.421          -2.54         
 57401.439909    -3.224          -0.008        
 57405.4590025   -3.154          -2.708        
 57405.4707479   -5.727          -0.479        
 57412.466581    -3.53           -2.747        
 57412.4781659   -5.897          -0.339        
 57419.4580813   -3.2            -2.527        
 57419.4696768   -5.605          -0.35         
 57423.4405778   -3.266          -2.547        
 57424.435619    -3.038          0.047         
 57426.467201    -2.882          -2.686        
 57426.4787771   -5.103          -0.307        
 57427.4413249   -3.104          -0.052        
 57431.4587771   -4.629          -0.393        
 57433.4659544   -2.339          -2.648        
 57433.4775385   -4.374          -0.337        
 57439.4597387   -2.249          -2.602        
 57439.468974    -4.8            -0.343        
 57440.4578184   -2.253          -2.463        
 57440.4694315   -4.75           -0.277        
 57442.3880285   -4.261          -0.406        
 57447.4781646   -1.907          -2.677        
 57447.4897779   -4.107          -0.388        
 57453.4577791   -2.756          -0.038        
 57454.4636513   -2.263          -2.724        
 57454.4752357   -4.519          -0.438        
 57454.5520904   -4.803          -0.361        
 57456.4661486   -2.529          0.052         
 57461.4650527   -1.859          -2.704        
 57461.4769268   -3.8            -0.297        
 57464.4539824   -2.037          -2.712        
 57467.4587392   -2.43           -2.713        
 57467.4619108   -2.732          -0.084        
 57468.4677657   -2.338          -2.727        
 57468.4793683   -4.916          -0.375        
 57470.468213    -2.456          -2.566        
 57470.4774664   -5.008          -0.322        
 57475.4858459   -2.345          -2.496        
 57475.4976045   -4.914          -0.252        
 57476.4468791   -2.226          -2.47         
 57476.4561378   -5.044          -0.28         
 57478.4871052   -4.631          -0.347        
 57479.4909489   -4.468          -0.438        
 57482.4716586   -3.238          -2.249        
 57482.4832651   -5.601          -0.163        
 57482.5377582   -1.95           -1.129        
 57482.5447961   -3.46           0.203         
 57484.4584928   -3.52           -2.282        
 57485.4802299   -3.072          0.208         
 57488.4833663   -5.254          -0.168        
 57489.4168193   -3.239          -2.257        
 57489.4284189   -5.34           -0.114        
 57489.4829502   -3.239          -2.315        
 57495.4557415   -5.435          -0.096        
 57496.4866723   -3.289          -2.283        
 57496.4982697   -5.506          -0.076        
 57496.5569333   -5.481          -0.007        
 57497.480305    -3.187          -2.063        
 57500.4620497   -4.876          0.077         
 57503.4853829   -3.131          -1.959        
 57503.4969525   -5.01           0.016         
 57503.5520687   -5.209          0.191         
 57506.6513831   -2.597          -2.048        
 57510.4987109   -2.94           -2.032        
 57510.510307    -5.06           -0.036        
 57513.4116596   -2.886          -2.108        
 57513.4209311   -4.929          -0.091        
 57516.4227142   -2.838          -2.097        
 57517.4458791   -2.641          -1.963        
 57517.4574659   -4.861          0.282         
 57520.4855135   -3.779          0.301         
 57522.626565    -2.367          0.246         
 57523.4702694   -4.462          0.119         
 57524.4952519   -1.951          -1.923        
 57524.5068262   -4.108          0.036         
 57527.4865765   -4.399          0.317         
 57529.4683706   -1.787          -2.056        
 57530.4622167   -3.897          0.232         
 57531.4680544   -1.637          -2.025        
 57531.4796432   -3.732          0.092         
 57538.4576645   -1.865          -1.884        
 57538.4695423   -3.633          0.279         
 57540.4801139   -2.323          0.48          
 57540.4809857   -3.927          0.727         
 57543.4710644   -3.837          0.7           
 57543.4722851   -2.303          0.524         
 57545.4444911   -1.454          -1.728        
 57545.456086    -3.381          0.712         
 57548.4803583   -1.183          -1.844        
 57548.4910628   -2.021          0.356         
 57548.4919337   -3.363          0.293         
 57551.478708    -1.879          -1.961        
 57551.4897826   -3.984          0.071         
 57552.50969     -2.068          -2.086        
 57552.5212917   -3.975          0.083         
 57552.5803672   -4.183          0.125         
 57553.49509     -2.372          0.344         
 57554.471414    -4.247          0.156         
 57555.4696479   -1.486          -1.995        
 57559.5074211   -1.781          -1.743        
 57559.5189958   -3.681          0.425         
 57566.4823963   -1.148          -1.875        
 57566.4942489   -3.363          0.584         
 57567.5023765   -3.367          0.404         
 57568.5039787   -1.549          -2.044        
 57570.4691166   -2.258          0.219         
 57570.4700041   -3.886          0.072         
 57571.485777    -1.436          -2.048        
 57572.4355241   -3.65           0.006         
 57573.4359896   -1.725          -2.052        
 57573.4477351   -3.727          0.327         
 57576.4729613   -1.496          -2.004        
 57580.489247    -1.843          -1.924        
 57580.5011801   -4.263          0.526         
 57582.5073619   -4.009          0.427         
 57583.4940883   -2.177          -1.937        
 57585.4790025   -3.588          0.516         
 57587.5159925   -2.145          -2.034        
 57587.5275871   -4.184          0.445         
 57587.5830997   -2.324          0.463         
 57590.479518    -4.262          0.082         
 57592.4847941   -2.55           0.301         
 57593.4807195   -2.336          -2.038        
 57594.4958883   -2.062          -1.968        
 57594.5074846   -4.368          0.545         
 57595.4989939   -4.019          0.401         
 57596.4932961   -2.273          0.254         
 57600.4783618   -2.607          0.375         
 57601.4839779   -2.121          -1.997        
 57601.4955742   -4.204          0.276         
 57601.550993    -4.326          0.136         
 57604.4985217   -2.431          0.135         
 57608.5081737   -1.823          -1.952        
 57608.5197717   -3.923          0.259         
 57608.5741733   -2.119          -1.946        
 57611.4756949   -3.872          0.106         
 57612.4927089   -1.717          -2.064        
 57612.4970266   -2.349          0.245         
 57615.4853916   -1.6            -1.974        
 57615.4970045   -3.621          -0.026        
 57616.4599074   -3.733          -0.014        
 57619.468572    -2.198          -1.929        
 57619.479284    -4.482          0.122         
 57622.5101533   -1.183          -2.429        
 57622.521748    -3.641          -0.148        
 57623.4499833   -4.361          -0.075        
 57623.4512062   -2.506          0.141         
 57624.4749605   -2.381          0.185         
 57625.4659011   -1.868          -2.056        
 57629.4713241   -2.392          -1.971        
 57629.4829019   -4.138          0.663         
 57629.5375375   -2.446          -1.756        
 57629.548244    -4.227          0.737         
 57634.4623283   -2.27           -1.877        
 57635.4664738   -4.035          0.279         
 57635.467696    -2.372          0.39          
 57636.481014    -2.004          -2.049        
 57636.4926153   -3.989          0.345         
 57639.4726274   -1.869          -2.237        
 57640.4841138   -4.136          -0.006        
 57642.4671597   -2.361          0.212         
 57643.4128426   -1.188          -0.959        
 57643.4890429   -1.995          -2.12         
 57643.5006528   -4.416          -0.12         
 57643.5550571   -1.871          -2.077        
 57643.5657505   -4.248          -0.134        
 57650.4743574   -2.173          -2.134        
 57650.4859599   -4.36           -0.144        
 57651.4764269   -4.232          -0.106        
 57654.4527048   -4.595          -0.048        
 57657.4824355   -2.451          -2.093        
 57657.4940346   -4.62           -0.252        
 57658.475609    -2.663          0.206         
 57662.3190647   -4.828          -0.196        
 57663.4519234   -2.625          -2.137        
 57663.4614176   -2.704          0.173         
 57663.4622948   -4.843          -0.078        
 57664.4583657   -2.544          -2.339        
 57664.4699705   -4.979          -0.128        
 57671.4401293   -2.764          -2.23         
 57671.4517152   -4.923          -0.082        
 57674.4494145   -2.729          -2.181        
 57674.4583247   -4.927          0.054         
 57674.4595464   -2.754          0.356         
 57678.4598434   -2.648          -1.943        
 57678.471422    -4.664          0.141         
 57680.4181545   -4.462          0.16          
 57684.4240173   -4.825          0.057         
 57685.4449823   -2.255          -2.308        
 57685.4565869   -4.714          -0.003        
 57687.4367487   -4.613          -0.131        
 57687.4379765   -2.63           0.126         
 57690.438483    -2.77           0.095         
 57690.4393545   -4.911          -0.3          
 57692.442593    -1.769          -2.261        
 57692.4541725   -3.851          -0.151        
 57694.4331086   -2.453          0.142         
 57699.4151592   -1.432          -2.461        
 57699.4269085   -4.055          -0.403        
 57702.4347996   -2.265          0.064         
 57706.5489467   -1.791          -2.025        
 57706.560674    -4.063          0.024         
 57711.4168561   -4.135          0.02          
 57713.3592627   -1.761          -1.983        
 57713.3708233   -4.046          0.076         
 57723.4282953   -1.908          -2.315        
 57723.439879    -4.437          -0.3          
 57723.4977178   -4.188          -0.285        
 57723.498937    -2.379          0.051         
 57726.4074155   -2.429          0.047         
 57726.4082885   -4.165          -0.242        
 57727.416951    -2.35           0.101         
 57728.4327242   -4.169          -0.22         
 57728.4339398   -2.411          -0.006        
 57729.0502775   -3.913          -0.291        
 57729.0516808   -2.305          0.063         
 57742.4065906   -1.613          -2.502        
 57744.4255421   -3.856          -0.397        
 57745.4357226   -2.481          -0.08         
 57747.4338662   -1.827          -2.432        
 57747.4454415   -3.634          -0.312        
 57748.4143137   -3.907          -0.28         
 57750.4475673   -2.344          -0.031        
 57753.4315789   -3.653          -0.37         
 57754.4370298   -1.445          -2.614        
 57754.4486371   -3.474          -0.291        
 57755.4448877   -1.785          -2.71         
 57756.432786    -2.332          -0.114        
 57756.4336568   -3.968          -0.446        
 57760.4428677   -1.98           -2.532        
 57760.4535391   -4.255          -0.323        
 57761.420934    -1.643          -2.386        
 57761.4325096   -3.867          -0.391        
 57764.4414111   -3.946          -0.301        
 57769.5865104   -3.706          -0.185        
 57785.962536    -1.399          -2.333        
 57785.9741151   -3.677          -0.118        
 57786.2018813   -1.543          -2.276        
 57786.213823    -3.753          -0.38         
 57786.4644745   -1.647          -2.464        
 57786.4760825   -3.948          -0.353        
 57786.5303748   -1.463          -2.469        
 57787.4393958   -3.652          -0.373        
 57793.4575895   0.378           -2.286        
 57793.4692023   -2.117          -0.198        
 57793.5242143   -2.106          -0.15         
 57797.458895    -2.04           -0.214        
 57798.3779106   -1.497          0.141         
 57800.4944316   0.049           -2.228        
 57800.5060105   -2.177          0.104         
 57800.5615354   -2.295          0.023         
 57802.0407351   0.255           -2.095        
 57802.0472098   -0.031          -1.045        
 57802.0725493   -2.08           0.057         
 57802.080288    -1.299          0.257         
 57805.4572407   -2.375          -0.14         
 57807.4447289   -0.033          -2.298        
 57807.4563143   -2.216          -0.24         
 57807.5395692   0.299           -2.289        
 57808.4383691   -1.971          -0.21         
 57815.4665895   -0.122          -2.24         
 57815.4781761   -2.227          -0.149        
 57815.5346838   -2.214          -0.086        
 57821.4640783   -2.675          -0.264        
 57822.4704776   -0.276          -2.169        
 57822.4820555   -2.53           -0.146        
 57826.4128354   -1.611          0.004         
 57829.4179253   -0.149          -2.214        
 57829.4295226   -2.424          -0.157        
 57831.4710674   -2.337          -0.12         
 57836.4778996   -0.213          -2.048        
 57836.4895294   -2.48           -0.169        
 57837.4824207   -2.279          -0.141        
 57842.5083676   -1.535          0.112         
 57843.524464    -0.119          -2.076        
 57843.5363977   -2.527          -0.039        
 57844.4664516   -2.376          -0.199        
 57845.5286755   0.872           -2.23         
 57845.5297249   0.247           -1.043        
 57846.4720897   -1.026          -0.004        
 57848.5137096   0.751           -2.248        
 57848.5147708   0.598           -2.239        
 57849.4927286   -1.369          -0.135        
 57850.4904553   0.933           -2.338        
 57850.5020625   -1.75           -0.232        
 57852.4819033   0.505           -2.113        
 57853.4816897   -1.562          -0.008        
 57856.5003935   0.859           -2.281        
 57857.5021293   0.81            -2.384        
 57857.5139756   -1.4            -0.112        
 57860.4740575   0.762           -2.386        
 57861.4759148   -1.288          0.117         
 57863.4042467   0.843           -2.09         
 57864.6706265   1.107           -2.195        
 57865.4676712   -1.214          0.004         
 57866.4629495   1.078           -2.186        
 57869.4651028   0.725           -2.273        
 57871.4775657   0.598           -2.25         
 57871.4891738   -1.533          -0.118        
 57872.6528609   0.848           -2.347        
 57875.470614    0.602           -2.182        
 57877.4633941   -1.375          -0.186        
 57878.4957738   0.668           -2.262        
 57878.5073482   -1.566          -0.223        
 57880.4161417   0.933           -2.178        
 57885.6652556   0.664           -2.08         
 57885.6768335   -1.302          0.103         
 57889.4761058   0.841           -2.291        
 57892.5150363   1.249           -2.039        
 57892.5266107   -1.041          0.249         
 57892.5860135   -0.837          0.331         
 57899.4155833   0.671           -2.118        
 57899.4271713   -1.43           -0.011        
 57904.4713674   -1.237          0.315         
 57906.5110039   0.991           -2.142        
 57906.5225883   -1.497          -0.171        
 57909.5067111   -1.53           0.042         
 57913.5110001   0.897           -1.979        
 57913.5225793   -0.902          0.337         
 57913.581893    0.997           -1.895        
 57917.4612401   1.099           -2.23         
 57920.4922392   0.932           -2.168        
 57920.5038279   -1.535          0.032         
 57920.562572    0.746           -2.048        
 57920.5657497   -1.221          -0.012        
 57923.4961845   -1.434          0.057         
 57927.4999215   0.524           -2.062        
 57927.5115263   -1.882          0.082         
 57929.4269375   -1.473          0.075         
 57932.486748    -1.092          0.354         
 57934.4891452   0.883           -2.042        
 57934.5010319   -1.544          0.239         
 57935.490067    0.561           -2.283        
 57940.4799702   0.518           -2.081        
 57941.4901646   0.527           -2.193        
 57941.5017601   -1.64           -0.129        
 57945.4875967   -1.628          -0.168        
 57948.5428833   0.504           -2.227        
 57948.5544596   -2.036          -0.133        
 57950.4908109   -1.276          0.291         
 57951.7989105   1.102           -1.774        
 57955.4937541   0.466           -2.242        
 57955.5053669   -1.824          -0.1          
 57957.4799996   0.694           -2.017        
 57959.4918683   -1.495          -0.181        
 57960.4776216   -1.128          -0.014        
 57962.4821378   0.876           -2.298        
 57962.4937249   -1.563          -0.209        
 57963.4911946   -1.452          -0.288        
 57964.6666784   -0.978          0.064         
 57966.47044     -1.296          0.166         
 57969.4966468   0.922           -2.112        
 57969.5082382   -1.019          -0.026        
 57969.5680162   -0.973          0.109         
 57970.5057879   1.0             -2.054        
 57974.4935816   0.783           -2.306        
 57974.5042772   -1.399          -0.127        
 57980.470981    1.364           -2.068        
 57980.4819603   -0.761          0.272         
 57983.4879624   0.528           -2.164        
 57983.4999161   -1.7            0.05          
 57983.5593021   -1.63           0.073         
 57986.4757788   -1.687          -0.199        
 57988.4738947   0.456           -2.248        
 57989.4693375   -2.092          -0.051        
 57990.6242193   0.475           -2.044        
 57990.6525113   -1.293          0.182         
 57991.4606292   0.384           -1.972        
 57997.4676729   0.362           -2.538        
 57997.4792686   -1.841          -0.212        
 58001.4702426   -1.649          -0.23         
 58003.4694956   0.171           -2.044        
 58004.4850635   0.258           -2.085        
 58004.4966663   -1.795          0.065         
 58004.5557485   -1.668          0.008         
 58007.4539387   0.703           -1.898        
 58011.4672339   1.175           -2.151        
 58011.4788473   -0.98           0.21          
 58011.571522    0.995           -1.886        
 58013.4783456   -1.446          -0.217        
 58014.4047082   1.066           -2.219        
 58018.4438322   0.419           -2.15         
 58018.4554494   -1.765          -0.164        
 58018.514303    0.683           -2.016        
 58025.4419024   0.838           -2.372        
 58025.4535071   -1.39           -0.18         
 58027.4641059   0.378           -1.972        
 58031.4581189   -1.015          -0.23         
 58032.4548706   -0.481          -1.97         
 58032.4664578   -2.601          0.169         
 58032.5272462   -2.579          0.238         
 58035.439158    -2.652          0.101         
 58036.4353703   -2.771          0.185         
 58039.4573644   -0.272          -1.952        
 58039.4689733   -2.587          0.142         
 58046.6105249   0.336           -2.122        
 58046.6221443   -1.669          0.06          
 58048.4334809   0.174           -2.101        
 58048.4420582   -1.514          0.03          
 58049.4469848   -2.223          -0.026        
 58053.7257494   -0.034          -2.038        
 58053.7373295   -2.287          -0.005        
 58056.379398    -0.104          -2.028        
 58057.4164245   -2.294          0.217         
 58060.4179429   -0.14           -2.025        
 58060.4295339   -1.866          0.238         
 58062.4341447   -1.528          0.148         
 58063.430186    -2.4            -0.014        
 58067.4360488   -0.147          -1.988        
 58067.4476356   -2.55           -0.134        
 58067.5768288   -2.794          -0.014        
 58070.433555    -2.738          -0.038        
 58071.4282085   -1.601          0.095         
 58074.4243953   -0.223          -2.055        
 58074.4359801   -2.861          -0.006        
 58075.4309907   -1.643          0.154         
 58075.4320483   -2.674          -0.036        
 58078.4030309   -1.456          0.383         
 58078.4040885   -2.26           0.261         
 58079.4505985   0.234           -2.052        
 58081.4340363   -0.06           -2.028        
 58081.445628    -2.293          0.092         
 58081.6983615   -2.113          0.143         
 58082.4380922   -1.501          0.125         
 58082.4389683   -2.309          -0.058        
 58083.4371611   -1.568          0.199         
 58088.4266685   -0.363          -2.043        
 58088.4382777   -2.657          0.011         
 58089.4111863   -0.264          -1.653        
 58089.4227925   -2.014          0.117         
 58090.4198957   -0.118          -1.961        
 58090.431667    -2.064          0.241         
 58095.5306723   -2.223          -0.019        
 58097.4304014   -0.002          -2.136        
 58097.4423292   -2.586          -0.145        
 58100.4358798   -2.649          0.084         
 58100.4370977   -1.682          0.213         
 58104.4159092   -0.084          -2.191        
 58104.4274631   -2.469          0.004         
 58105.5736917   -0.243          -1.999        
 58106.4332976   -1.575          0.177         
 58107.4118108   -2.12           0.05          
 58110.459518    -1.649          0.172         
 58111.5778618   -0.151          -1.886        
 58111.5881069   -0.088          -1.957        
 58111.6770356   -2.399          0.104         
 58117.4231051   -0.351          -2.02         
 58117.4409785   -2.847          0.069         
 58118.4180219   -0.358          -2.02         
 58118.4296038   -2.757          0.003         
 58120.4337809   -2.415          0.221         
 58124.4118924   -1.487          0.021         
 58125.4292083   -0.21           -2.167        
 58125.4407792   -2.565          -0.03         
 58125.4998506   -2.451          0.095         
 58131.4202936   -2.458          0.133         
 58132.4320464   -0.102          -2.029        
 58132.4436338   -2.527          0.11          
 58134.5358637   -0.108          -2.03         
 58134.5555271   -2.278          0.071         
 58139.4298121   -0.172          -2.049        
 58139.441404    -2.484          -0.022        
 58142.4047547   -0.051          -2.289        
 58146.5117874   -0.489          -2.245        
 58146.5233839   -2.516          -0.044        
 58150.3430064   -0.513          -2.223        
 58152.438177    -2.88           -0.001        
 58153.4346987   -0.3            -2.097        
 58153.4462843   -2.686          -0.086        
 58154.4343286   -1.839          0.106         
 58160.4413707   0.021           -2.165        
 58160.4529634   -2.216          -0.031        
 58160.5140174   -2.202          -0.051        
 58161.4537795   -0.373          -2.166        
 58163.4593673   -2.83           -0.199        
 58164.4522864   -0.32           -2.169        
 58167.4931394   -0.758          -2.127        
 58167.5047428   -2.998          -0.191        
 58168.4491756   -0.534          -2.024        
 58169.4541252   -2.821          0.013         
 58174.4727372   -0.41           -2.219        
 58174.4843514   -2.658          0.026         
 58174.5432433   -0.468          -2.008        
 58175.0334304   -2.471          -0.137        
 58176.0195696   -2.849          -0.06         
 58177.4628183   -0.543          -2.048        
 58178.4871255   -2.251          0.19          
 58181.4785938   -0.219          -2.077        
 58181.4901739   -2.467          0.065         
 58181.5504435   -0.452          -2.01         
 58183.4613422   -1.653          0.146         
 58184.4595072   -2.448          0.004         
 58187.4830665   0.093           -2.216        
 58188.4629325   -0.083          -2.264        
 58188.4745091   -2.197          -0.266        
 58191.4643076   0.386           -2.247        
 58194.4676869   0.441           -2.218        
 58195.4606282   0.539           -2.192        
 58195.4723711   -2.03           -0.25         
 58195.5328445   -1.663          -0.059        
 58199.4261239   0.064           -2.274        
 58201.4193467   -0.411          -2.099        
 58202.4602687   -0.28           -2.176        
 58202.4718678   -2.274          -0.03         
 58203.2212204   -0.204          -2.149        
 58203.2279211   -0.242          -0.995        
 58203.2530816   -2.304          0.006         
 58203.2608885   -1.316          0.175         
 58203.4297659   -0.152          -2.011        
 58205.4279149   -0.354          -2.139        
 58207.4456753   0.28            -2.164        
 58207.5549672   -2.295          -0.124        
 58209.4495656   -0.519          -2.195        
 58209.5604687   0.066           -2.156        
 58209.5720295   -2.344          -0.034        
 58210.4571376   -0.252          -2.171        
 58210.4648159   -1.526          0.215         
 58211.4844496   -2.236          0.084         
 58213.4586112   -0.073          -2.198        
 58214.4365108   -2.067          0.144         
 58215.4762611   -1.307          0.23          
 58216.4967978   -0.128          -2.167        
 58216.5084087   -2.261          0.059         
 58217.4838321   0.041           -2.141        
 58217.4954297   -1.916          -0.051        
 58217.554147    0.145           -2.173        
 58217.5639216   -1.939          -0.102        
 58220.4798153   -0.011          -2.089        
 58221.4621754   -2.357          -0.22         
 58223.4622145   0.14            -2.172        
 58224.4707576   0.113           -2.272        
 58224.4823544   -2.698          -0.34         
 58225.4712077   -2.899          -0.277        
 58228.4592129   -0.234          -2.238        
 58229.4361426   -2.67           -0.164        
 58230.472768    -1.616          0.08          
 58231.4778193   -0.24           -2.308        
 58231.4894172   -2.455          -0.095        
 58232.5026726   -0.235          -2.147        
 58236.5043617   -0.047          -2.253        
 58236.5138599   -2.373          -0.213        
 58238.4942227   0.047           -2.274        
 58238.5058096   -2.017          -0.204        
 58239.4986696   -2.284          -0.291        
 58242.4951515   -0.308          -2.162        
 58242.5048239   -2.555          -0.25         
 58242.9039539   -2.395          -0.072        
 58247.5146112   0.33            0.848         
 58247.5259694   -0.562          1.231         
 58247.9760473   -0.166          -1.988        
 58247.9876327   -2.203          0.304         
 58249.4700045   0.166           -1.903        
 58249.4794889   -1.779          0.292         
 58252.4919681   -2.332          -0.004        
 58252.49319     -1.536          0.082         
 58254.4742365   0.118           -2.192        
 58254.4858374   -2.003          -0.018        
 58256.4953012   -1.505          0.124         
 58261.4993857   -0.132          -2.242        
 58261.5109718   -2.367          0.049         
 58262.4921062   0.101           -2.086        
 58264.4736208   -2.411          -0.011        
 58265.4998799   -2.048          0.026         
 58268.4973849   0.11            -2.103        
 58268.5092441   -1.904          0.209         
 58271.4688589   -1.996          0.217         
 58272.5137979   0.261           -2.124        
 58272.5148547   0.083           -1.997        
 58275.4902913   0.32            -2.043        
 58275.5018738   -2.172          -0.086        
 58277.4891704   -2.258          0.062         
 58278.4843404   -2.355          0.007         
 58280.4229838   -0.38           -1.646        
 58281.4832863   -1.104          0.466         
 58282.4938319   0.259           -1.802        
 58282.5055657   -1.39           0.468         
 58284.4860145   -1.564          0.284         
 58286.4868893   0.08            -1.954        
 58288.5052309   0.527           -2.17         
 58288.5160808   -2.032          -0.062        
 58289.4909166   -0.04           -2.213        
 58289.5024734   -1.997          -0.117        
 58290.4893603   -2.029          -0.272        
 58292.4973491   -0.247          -2.059        
 58296.4859228   0.049           -1.998        
 58296.4976784   -1.889          0.14          
 58298.4736309   -2.179          0.291         
 58299.4269036   0.368           -1.98         
 58299.4279579   0.253           -2.034        
 58301.4886253   -2.19           0.264         
 58301.4898547   -1.47           0.189         
 58303.5073415   0.259           -1.773        
 58303.5189203   -1.982          0.253         
 58304.4742575   0.114           -1.84         
 58304.4838896   -1.906          0.328         
 58305.5158658   -1.267          0.29          
 58308.4853034   -1.571          -0.054        
 58310.4851138   0.117           -2.089        
 58310.4967047   -2.022          -0.122        
 58312.5735121   -2.233          -0.181        
 58314.4793493   0.008           -2.094        
 58316.4724503   -2.201          0.121         
 58317.5079422   0.053           -2.066        
 58317.5195374   -2.19           0.119         
 58321.39107     -0.228          -1.065        
 58322.4606104   -0.321          -1.091        
 58322.5453333   -1.344          0.269         
 58323.4976452   -2.179          0.218         
 58324.4786074   0.428           -1.918        
 58324.4901915   -1.882          0.231         
 58327.4874705   -2.053          0.417         
 58330.4731613   0.345           -2.056        
 58330.4838345   -1.933          0.113         
 58331.4248358   0.206           -2.263        
 58331.4364214   -1.918          0.062         
 58338.4751581   0.348           -2.101        
 58338.4867499   -1.941          0.007         
 58338.5551406   -2.066          0.04          
 58339.471625    0.205           -2.301        
 58339.4726894   -0.151          -1.008        
 58339.4886881   -1.317          0.063         
 58342.4870704   -0.077          -2.159        
 58342.5066323   -2.555          -0.194        
 58342.5078675   -1.631          -0.025        
 58343.468184    -0.4            -1.058        
 58345.4759085   0.325           -2.218        
 58345.4875026   -2.033          -0.152        
 58346.4347375   -0.389          -1.015        
 58351.481666    -0.134          -2.003        
 58352.4861649   0.222           -2.104        
 58352.4977515   -2.029          0.086         
 58352.5572482   -1.95           0.065         
 58354.4782317   0.111           -2.068        
 58355.4757205   -2.107          -0.078        
 58356.4623856   -1.49           0.014         
 58359.4987742   -0.053          -2.338        
 58359.5103639   -2.234          -0.081        
 58362.2337146   0.404           -2.415        
 58362.6423239   0.295           -2.175        
 58362.6999287   -1.535          0.113         
 58363.4635183   0.593           -2.151        
 58364.4672908   -1.158          -0.281        
 58366.4637468   0.263           -2.713        
 58366.475501    -2.145          -0.376        
 58368.4715803   0.247           -2.703        
 58371.461673    0.206           -2.638        
 58372.4648102   0.49            -2.805        
 58373.4885167   0.424           -2.829        
 58373.5001258   -2.234          -0.499        
 58378.4599246   -1.002          0.006         
 58379.4573832   0.63            -2.349        
 58379.4677343   -1.114          -0.062        
 58380.4609706   0.723           -2.395        
 58380.472564    -1.512          -0.267        
 58387.4713305   0.163           -2.757        
 58387.4829362   -2.016          -0.313        
 58393.4342124   -0.112          -1.395        
 58393.4504874   -2.231          -0.472        
 58394.4754414   0.392           -2.801        
 58394.4870342   -1.905          -0.593        
 58394.5464754   -1.362          -0.084        
 58397.3890773   0.366           -2.729        
 58397.400091    -2.164          -0.542        
 58399.4411906   -1.487          -0.183        
 58400.425612    -1.796          -0.473        
 58401.4411008   0.169           -2.593        
 58401.4529662   -1.908          -0.236        
 58402.456253    -1.323          -0.121        
 58403.4439655   -2.086          -0.068        
 58407.4340995   -1.571          -0.31         
 58408.4290605   0.296           -2.562        
 58408.4406464   -1.855          -0.152        
 58410.43377     -1.739          -0.549        
 58410.4349962   -1.27           -0.229        
 58412.4455761   0.343           -2.87         
 58414.4335759   -1.954          -0.524        
 58415.4690555   0.441           -2.73         
 58415.4806485   -1.605          -0.354        
 58415.5392517   0.422           -2.593        
 58417.5700364   0.349           -2.739        
 58418.6736512   0.578           -2.848        
 58419.5413846   0.175           -2.871        
 58421.4432859   -1.449          -0.216        
 58421.444161    -2.202          -0.46         
 58421.6274156   0.455           -2.706        
 58422.4291425   0.535           -2.92         
 58422.4407196   -2.219          -0.712        
 58424.4313778   0.238           -2.879        
 58424.4488979   -1.431          -0.378        
 58426.4176044   -1.98           -0.6          
 58429.4461994   0.341           -2.69         
 58429.4577855   -1.893          -0.471        
 58431.4029308   -1.425          -0.34         
 58436.4109656   0.56            -2.812        
 58436.4225827   -1.895          -0.502        
 58436.6373454   0.536           -2.755        
 58438.4243728   -2.0            -0.61         
 58439.419858    -1.477          -0.198        
 58441.4102545   -2.081          -0.701        
 58443.4524433   0.075           -2.865        
 58443.4640451   -2.219          -0.721        
 58444.4260115   -2.038          -0.568        
 58446.407253    -1.36           -0.284        
 58447.4219447   -1.928          -0.65         
 58449.4042392   -1.305          -0.178        
 58450.4134217   0.234           -2.722        
 58450.4250086   -2.081          -0.397        
 58451.4145871   -2.176          -0.491        
 58455.4170286   -2.012          -0.327        
 58456.4024714   -0.135          -2.539        
 58456.4110615   -1.434          -0.101        
 58457.4190001   0.181           -2.394        
 58457.430771    -1.784          -0.344        
 58457.4898573   1.032           -2.521        
 58457.5001882   -1.877          -0.179        
 58457.5014094   -1.349          -0.173        
 58460.4062019   1.08            -2.77         
 58460.4165241   -2.05           -0.556        
 58461.4074055   0.882           -2.838        
 58461.417723    -1.421          -0.291        
 58463.396332    -1.421          -0.874        
 58464.4208092   0.935           -3.156        
 58464.4325619   -1.512          -0.872        
 58470.4109795   -1.215          -0.509        
 58471.4318088   0.575           -3.03         
 58471.4433964   -1.539          -0.889        
 58471.5021189   0.962           -3.092        
 58473.4361404   -1.086          -0.389        
 58475.4099714   -1.141          -0.734        
 58476.4074369   -1.087          -0.408        
 58478.4135656   0.792           -3.208        
 58478.425137    -1.451          -0.855        
 58479.4038881   0.867           -3.043        
 58479.4130502   -1.613          -0.711        
 58482.4231706   -1.739          -0.914        
 58484.4147411   0.857           -3.191        
 58485.4040825   0.977           -3.123        
 58485.4157097   -1.708          -0.827        
 58486.4092735   -1.477          -0.976        
 58488.4076238   0.775           -3.212        
 58489.4231862   -1.604          -0.88         
 58492.4388857   0.453           -3.028        
 58492.4504811   -1.516          -0.692        
 58499.438122    0.994           -2.861        
 58499.449707    -1.35           -0.736        
 58500.4403667   -1.641          -0.919        
 58506.4396534   0.93            -3.22         
 58506.4513852   -1.423          -0.92         
 58507.5508095   -1.547          -0.779        
 58511.4446263   -1.665          -1.029        
 58513.3925414   0.828           -3.076        
 58513.4041623   -1.546          -0.808        
 58517.4448798   0.851           -3.147        
 58517.4555842   -1.547          -0.81         
 58520.4412504   0.672           -3.087        
 58520.4528395   -1.691          -1.032        
 58520.5116781   0.718           -3.268        
 58520.5162022   -1.885          -1.012        
 58524.436345    -1.689          -0.876        
 58526.4327312   0.902           -3.04         
 58527.4821507   1.238           -3.157        
 58527.4937344   -1.135          -0.989        
 58532.4792581   -1.332          -0.819        
 58534.4573163   0.618           -3.062        
 58534.4689148   -1.293          -0.697        
 58535.4407233   -1.519          -0.774        
 58538.4502812   -1.697          -0.921        
 58541.4565631   0.761           -3.159        
 58541.4684504   -1.58           -0.783        
 58548.4672251   0.967           -3.088        
 58548.4792284   -1.446          -0.802        
 58550.4523991   -1.491          -0.959        
 58555.4630093   0.86            -3.154        
 58555.4746413   -1.197          -0.822        
 58561.4513903   -1.528          -0.755        
 58562.4323536   -1.174          -0.392        
 58562.433232    -1.565          -0.831        
 58562.5406604   0.864           -3.133        
 58562.5522593   -1.457          -0.757        
 58565.4710058   -1.368          -0.789        
 58568.4535057   -1.582          -0.876        
 58569.4625903   0.634           -3.007        
 58569.4741989   -1.474          -0.831        
 58574.45104     -1.7            -0.834        
 58575.4771275   0.513           -3.08         
 58575.4781786   -0.034          -1.576        
 58575.5081729   -1.235          -0.319        
 58576.3633994   -1.533          -0.59         
 58576.4269761   0.681           -3.028        
 58576.4385497   -1.522          -0.715        
 58579.4682762   -0.96           -0.245        
 58583.4641789   1.014           -3.11         
 58583.4761134   -1.534          -0.785        
 58586.4564186   0.754           -3.236        
 58587.4832462   -1.346          -0.903        
 58588.4593912   -1.048          -0.425        
 58590.4948003   0.788           -3.199        
 58590.5063725   -1.749          -1.035        
 58593.4917558   -1.71           -1.08         
 58597.4267637   0.36            -2.852        
 58597.4383673   -1.492          -0.517        
 58598.4041499   0.514           -2.936        
 58604.4801851   0.242           -2.983        
 58604.4917783   -1.939          -0.683        
 58608.460796    0.392           -3.129        
 58609.4691459   -1.596          -0.911        
 58609.470375    -1.176          -0.427        
 58611.422965    0.498           -3.374        
 58611.4347025   -1.998          -1.082        
 58612.4839932   -0.315          -3.131        
 58613.4550895   -0.378          -1.503        
 58613.4621947   -2.47           -0.576        
 58614.4596861   -1.377          -0.181        
 58615.4484563   0.514           -2.719        
 58618.5037605   0.722           -3.006        
 58618.5153347   -1.563          -0.74         
 58621.461319    -2.05           -0.742        
 58621.4625478   -1.399          -0.268        
 58623.480652    0.161           -2.848        
 58624.4794717   -1.795          -0.436        
 58624.4806962   -1.276          -0.157        
 58625.5173237   0.397           -2.673        
 58625.5289484   -1.632          -0.435        
 58626.4644257   -0.042          -1.432        
 58627.5027639   -1.174          -0.253        
 58631.4548811   -1.849          -0.387        
 58632.4970882   0.765           -2.704        
 58632.5086864   -1.754          -0.47         
 58633.4737679   -0.091          -1.533        
 58639.4825985   0.214           -3.336        
 58639.4942053   -2.063          -0.99         
 58644.4731136   -2.232          -0.875        
 58646.4974452   0.248           -3.073        
 58646.5094089   -2.122          -0.846        
 58646.5715689   1.307           -1.622        
 58646.5780625   -2.193          -0.66         
 58648.569206    -1.219          -0.238        
 58653.4851618   0.505           -3.194        
 58653.4967471   -1.472          -0.814        
 58660.541493    -0.052          -2.783        
 58660.5530845   -2.086          -0.429        
 58663.4742402   -1.275          -0.2          
 58664.4478332   0.697           -2.825        
 58666.4431737   0.399           -2.824        
 58667.4944829   0.822           -2.686        
 58667.5062285   -1.609          -0.55         
 58668.441531    -0.059          -1.494        
 58668.5148626   -1.422          -0.749        
 58670.467041    -1.418          -0.426        
 58671.4756599   -1.647          -0.856        
 58674.4816743   0.315           -3.254        
 58674.4932612   -2.141          -0.89         
 58674.5517147   -0.219          -1.695        
 58674.5587927   -2.116          -0.91         
 58676.4746658   -1.323          -0.328        
 58678.4787258   0.455           -3.059        
 58678.4873171   -1.609          -0.732        
 58679.4905031   -1.254          -0.337        
 58681.4915578   0.898           -3.055        
 58681.5031969   -1.489          -0.614        
 58681.7302583   1.029           -2.882        
 58681.7418337   -1.35           -0.62         
 58682.4472563   0.352           -3.036        
 58683.4793465   -1.398          -0.543        
 58688.6932737   0.654           -2.457        
 58688.7048536   -1.295          -0.348        
 58691.6228563   -0.918          -0.331        
 58692.4915433   -1.211          -0.348        
 58695.4777386   0.622           -3.324        
 58695.4893388   -1.398          -1.065        
 58698.4845017   -1.564          -0.768        
 58698.4857323   -1.155          -0.437        
 58701.4770976   -2.291          -0.942        
 58702.5102847   0.334           -3.116        
 58702.5218822   -1.959          -0.791        
 58705.4817988   -1.371          -0.656        
 58705.483024    -1.052          -0.324        
 58708.4843183   -1.171          -0.448        
 58709.4704091   0.495           -3.293        
 58709.4823023   -1.786          -1.068        
 58712.7304615   -1.282          -0.395        
 58713.4103983   -2.102          -1.028        
 58716.4910353   0.369           -3.257        
 58716.5026404   -1.646          -1.095        
 58721.4658193   -1.331          -0.482        
 58723.5457249   0.28            -3.25         
 58723.5573137   -2.086          -1.002        
 58724.455245    -2.353          -1.018        
 58730.4821251   0.47            -2.701        
 58730.4940209   -1.426          -0.58         
 58730.5534204   -1.096          -0.312        
 58736.4589483   -1.075          -0.147        
 58737.4503749   0.662           -2.649        
 58737.4619903   -1.113          -0.391        
 58744.455211    0.176           -2.573        
 58744.4667974   -1.968          -0.356        
 58748.4390387   -1.719          -0.835        
 58750.4555227   -1.384          -0.578        
 58751.4597085   0.284           -3.364        
 58751.4713238   -2.001          -0.966        
 58753.4438377   -1.449          -0.514        
 58759.7960364   -1.165          -0.108        
 58761.4669682   0.468           -2.436        
 58761.4785762   -1.628          -0.278        
 58765.464115    0.477           -2.825        
 58768.6395874   0.256           -2.883        
 58768.651167    -1.861          -0.501        
 58775.4223053   0.215           -2.511        
 58775.4338962   -1.76           -0.22         
 58782.522348    0.311           -2.953        
 58782.5339493   -1.974          -0.725        
 58786.4477672   0.244           -2.797        
 58789.4299536   0.171           -3.006        
 58789.4419296   -2.196          -0.609        
 58792.4209126   -2.144          -0.444        
 58796.6044047   0.356           -2.882        
 58796.6160133   -1.855          -0.611        
 58800.4193485   0.293           -2.921        
 58801.4186185   0.406           -2.896        
 58803.4125914   -0.139          -3.376        
 58803.4241849   -2.373          -0.804        
 58806.4186019   -2.319          -0.881        
 58807.40965     -2.555          -0.935        
 58810.4293482   -0.042          -3.44         
 58810.4409391   -2.261          -1.017        
 58817.4015711   -0.107          -3.505        
 58817.4131853   -2.554          -0.922        
 58820.4052184   -2.559          -1.034        
 58824.4042136   0.629           -3.258        
 58824.4158123   -2.207          -0.859        
 58831.4200532   0.029           -2.981        
 58831.4316489   -2.003          -0.8          
 58832.4106298   -2.193          -0.829        
 58833.4022493   0.079           -3.185        
 58837.4085369   -0.299          -1.565        
 58838.4309498   0.012           -3.146        
 58838.4425435   -2.028          -0.867        
 58838.5797705   -2.114          -0.758        
 58841.4574785   0.062           -3.26         
 58845.3664474   0.111           -3.046        
 58845.3782083   -2.421          -0.898        
