!mjd_obs        !mean_dy        !mean_dx       
!---------------!---------------!---------------
 56659.3810745   0.911           -0.283        
 56659.3891191   2.468           -1.001        
 56660.460783    2.884           -1.411        
 56660.4693129   2.558           -1.156        
 56661.4767397   0.82            -0.323        
 56663.4663735   0.711           -0.317        
 56664.3910591   2.379           -1.334        
 56665.8835317   -1.412          0.188         
 56666.4607555   -1.497          0.056         
 56667.4097735   -2.131          -0.247        
 56667.4891358   -1.788          -0.579        
 56667.4976778   -2.248          -0.068        
 56672.4413665   4.004           -3.085        
 56674.404316    4.653           -3.397        
 56674.4128554   3.726           -3.1          
 56675.4324536   3.838           -3.122        
 56681.4718568   5.05            -3.464        
 56681.480374    4.044           -3.192        
 56684.4606971   4.025           -2.789        
 56684.4620729   1.84            -1.512        
 56685.4969845   2.203           -1.375        
 56685.4982538   5.183           -3.441        
 56688.4741234   4.524           -3.214        
 56688.4826411   3.509           -3.047        
 56688.5241951   1.934           -1.402        
 56688.5277536   1.523           -1.454        
 56689.4579663   3.711           -3.102        
 56691.4335977   1.867           -1.388        
 56692.4616236   3.605           -2.964        
 56694.5169921   2.143           -1.428        
 56694.5179677   4.886           -3.368        
 56694.5399204   1.619           -1.434        
 56695.5131548   4.77            -3.31         
 56695.5216571   3.786           -3.091        
 56697.4664758   1.919           -1.57         
 56697.4674575   4.554           -3.871        
 56700.4563629   2.06            -1.279        
 56702.4713107   4.885           -2.801        
 56702.4798398   3.931           -2.594        
 56703.449875    3.827           -2.34         
 56704.4439555   2.222           -1.121        
 56709.493431    4.74            -2.86         
 56709.5019461   3.897           -2.453        
 56712.5072632   1.508           -1.268        
 56712.5268285   3.75            -2.678        
 56715.4909582   1.993           -1.15         
 56715.491939    4.466           -2.878        
 56716.4879618   4.712           -2.958        
 56716.4964879   3.671           -2.721        
 56716.5352162   3.695           -2.609        
 56718.5767612   2.032           -1.155        
 56721.525324    2.061           -1.087        
 56721.5333469   3.873           -2.364        
 56721.5347213   1.668           -1.204        
 56723.4997123   4.724           -2.842        
 56723.5082526   3.725           -2.452        
 56724.4730285   1.808           -1.154        
 56724.4765633   3.518           -2.568        
 56727.6107028   3.71            -2.059        
 56728.5099859   3.756           -2.136        
 56729.4813665   2.002           -1.149        
 56729.489409    1.611           -1.079        
 56730.5077912   4.788           -2.81         
 56730.5163042   3.944           -2.381        
 56734.4620264   1.63            -1.266        
 56737.5098161   5.19            -2.888        
 56737.5183659   4.162           -2.503        
 56737.7322403   4.895           -2.662        
 56737.7339028   7.024           -0.84         
 56737.7481153   3.237           -0.873        
 56737.7489214   6.361           -1.864        
 56737.7499658   3.968           -2.422        
 56737.7513406   1.775           -1.196        
 56740.4678267   1.849           -1.062        
 56740.4758577   1.545           -1.258        
 56744.4971205   4.956           -2.666        
 56744.5056343   4.074           -2.327        
 56744.5404637   2.106           -1.069        
 56745.4874215   4.114           -2.16         
 56746.4801953   1.74            -1.101        
 56749.5291681   3.971           -2.523        
 56750.4981976   1.739           -1.24         
 56751.4944893   4.637           -2.8          
 56751.5030115   3.747           -2.527        
 56758.5097895   5.28            -2.883        
 56759.5080615   1.654           -1.201        
 56759.5090442   3.874           -2.5          
 56759.7569365   3.694           -2.282        
 56762.5536469   1.673           -1.332        
 56762.5546255   3.892           -2.551        
 56765.535515    5.168           -2.888        
 56765.544065    4.103           -2.545        
 56765.5788876   4.0             -2.334        
 56766.5331439   1.751           -1.224        
 56768.5365346   3.903           -2.732        
 56769.6219191   1.777           -1.27         
 56769.6229032   4.139           -2.531        
 56771.4874437   2.007           -0.966        
 56772.522546    4.897           -2.693        
 56772.5310923   3.947           -2.437        
 56772.5945606   1.773           -1.086        
 56772.595535    3.921           -2.425        
 56774.4849155   2.174           -1.024        
 56775.4786068   4.096           -2.456        
 56775.4799827   1.754           -1.169        
 56777.5269702   1.92            -1.012        
 56779.5089191   4.363           -2.787        
 56779.5174374   3.38            -2.355        
 56779.5697304   3.431           -2.461        
 56779.5711014   1.517           -1.087        
 56782.5048036   3.023           -2.284        
 56782.5061847   1.262           -1.038        
 56785.7200859   3.127           -2.334        
 56786.5022942   4.787           -3.067        
 56786.5108135   3.92            -2.599        
 56786.5682732   1.617           -1.255        
 56789.5043065   1.661           -1.029        
 56789.5052829   3.76            -2.422        
 56789.6896746   1.671           -1.097        
 56789.6906597   3.796           -2.328        
 56792.4846619   3.757           -2.578        
 56793.5387855   4.877           -2.898        
 56793.5473247   3.799           -2.751        
 56803.5144531   3.64            -2.412        
 56803.5229764   2.573           -2.246        
 56803.62104     2.474           -2.224        
 56803.6224191   0.956           -1.035        
 56804.5135673   1.533           -1.003        
 56806.5405664   1.643           -1.311        
 56806.5415455   3.74            -2.664        
 56808.5401459   1.981           -1.12         
 56809.5477608   3.516           -2.764        
 56810.5420496   4.453           -2.651        
 56810.5507809   3.04            -2.563        
 56811.4686362   1.3             -1.131        
 56812.5685606   3.739           -2.713        
 56813.5467166   1.794           -0.98         
 56817.5061681   3.83            -2.565        
 56817.514669    2.996           -2.34         
 56824.4720775   4.196           -2.847        
 56824.4805738   3.24            -2.514        
 56826.7481735   1.473           -1.247        
 56826.7491501   3.52            -2.829        
 56828.5284373   1.644           -1.448        
 56829.4982385   2.118           -1.205        
 56831.5424701   4.472           -2.934        
 56831.5509618   3.752           -2.628        
 56831.6121253   3.797           -2.457        
 56833.502004    6.013           -2.422        
 56833.503063    1.53            -1.307        
 56834.4745153   3.528           -2.696        
 56836.4780453   1.504           -1.351        
 56837.5167876   1.817           -1.221        
 56838.54157     4.482           -3.072        
 56838.5500593   3.634           -2.805        
 56839.5899353   3.717           -2.777        
 56839.5913038   1.628           -1.286        
 56842.4611593   3.514           -0.814        
 56842.6317826   3.496           -0.79         
 56842.6385143   1.393           -1.188        
 56844.5185932   3.502           -0.825        
 56845.5335951   4.087           -2.856        
 56845.5422667   3.27            -2.646        
 56845.585193    3.383           -0.738        
 56846.5025478   1.56            -1.347        
 56848.5344085   3.732           -2.733        
 56850.4950803   1.635           -1.313        
 56852.5412034   4.478           -3.073        
 56852.5496988   3.307           -2.895        
 56858.5345911   3.863           -2.954        
 56858.5362476   1.733           -1.444        
 56859.5304456   4.968           -3.085        
 56859.5389124   3.978           -2.776        
 56860.5334427   2.108           -1.29         
 56860.6820635   1.991           -1.237        
 56861.4994909   3.644           -2.833        
 56861.5008621   1.617           -1.342        
 56864.5416756   1.441           -1.392        
 56865.4683345   3.511           -2.874        
 56866.5309948   4.348           -2.898        
 56866.53966     3.359           -2.812        
 56868.5193056   1.674           -1.189        
 56868.5273431   3.251           -2.709        
 56868.5287267   1.286           -1.234        
 56871.4902309   1.738           -1.314        
 56872.4781288   1.481           -1.37         
 56873.5307669   4.295           -3.013        
 56873.5392736   3.412           -2.731        
 56874.5152699   4.677           -3.001        
 56874.5239533   3.821           -2.93         
 56874.5874345   2.068           -1.217        
 56874.5966166   3.818           -2.892        
 56875.5458834   4.751           -3.069        
 56875.5543852   3.75            -3.01         
 56877.4974484   1.594           -1.398        
 56878.5142783   2.042           -1.233        
 56879.4911194   3.705           -2.814        
 56882.5142095   4.509           -2.997        
 56882.5227507   3.543           -2.743        
 56882.5627022   3.619           -2.859        
 56885.5043252   1.908           -1.208        
 56885.5123872   3.712           -2.721        
 56888.5007829   1.572           -1.551        
 56889.5043909   4.614           -3.063        
 56889.5129167   3.553           -2.853        
 56889.5462051   1.881           -1.065        
 56890.4940817   3.56            -2.948        
 56893.5014741   1.626           -1.386        
 56896.4992482   4.688           -2.933        
 56896.5077847   3.882           -2.701        
 56896.5486458   4.65            -2.772        
 56897.4771831   3.873           -2.743        
 56899.4816437   2.04            -1.158        
 56901.4886676   3.84            -2.93         
 56903.5074742   4.67            -3.126        
 56903.5159625   3.911           -2.921        
 56903.5657249   1.876           -1.16         
 56906.5918799   1.899           -1.239        
 56906.600074    2.872           -3.224        
 56910.5180024   4.651           -3.026        
 56910.5265224   3.637           -2.937        
 56914.3896777   4.612           -3.022        
 56915.4272025   3.311           -2.817        
 56917.4444364   4.662           -3.015        
 56917.453071    3.71            -2.904        
 56919.4324271   1.637           -1.371        
 56920.4879851   4.159           -2.982        
 56921.5766235   3.415           -2.708        
 56923.4820581   5.014           -2.734        
 56924.5121292   4.837           -2.524        
 56924.5250903   4.029           -2.239        
 56925.4184647   3.957           -2.286        
 56925.4975596   2.08            -1.02         
 56925.5055924   1.671           -1.123        
 56926.5011773   4.756           -2.688        
 56927.4292227   4.904           -2.658        
 56927.5139447   1.992           -1.054        
 56927.5219908   3.725           -2.46         
 56929.4834398   2.025           -1.025        
 56929.4844158   4.725           -2.724        
 56931.4806801   4.574           -2.706        
 56931.4893083   3.797           -2.5          
 56931.5262631   3.657           -2.392        
 56936.5301732   4.462           -2.53         
 56936.5403036   3.526           -2.465        
 56936.5416788   1.558           -1.165        
 56937.4354753   1.887           -0.996        
 56938.489035    4.466           -2.659        
 56938.4975058   3.87            -2.478        
 56939.4687397   3.852           -2.432        
 56940.4773064   4.646           -2.551        
 56942.4471034   3.248           -2.406        
 56943.4567064   4.468           -2.939        
 56945.499761    4.133           -3.247        
 56945.5082595   3.638           -2.828        
 56949.4663995   2.076           -1.121        
 56949.4801355   3.946           -2.814        
 56951.4411552   1.53            -1.309        
 56952.4197907   4.38            -2.853        
 56952.4283071   3.489           -2.647        
 56954.4699499   6.028           -2.299        
 56954.4709958   1.554           -1.269        
 56954.4719797   3.627           -2.569        
 56956.4376725   2.003           -1.184        
 56958.456881    3.768           -2.702        
 56959.4887947   4.575           -2.952        
 56959.4972997   3.909           -2.621        
 56959.5346124   4.647           -2.889        
 56965.4438801   4.66            -3.074        
 56965.4540652   3.687           -2.904        
 56966.4779464   4.164           -3.284        
 56966.4864573   3.773           -3.073        
 56973.4780406   4.752           -3.021        
 56973.4865455   3.841           -2.997        
 56977.4374256   3.693           -2.788        
 56978.4054953   3.685           -2.862        
 56978.4542817   1.884           -1.252        
 56979.4506788   1.639           -1.354        
 56980.4461138   4.829           -3.011        
 56980.4546085   3.882           -2.832        
 56981.4132532   2.108           -1.198        
 56982.3114065   6.071           -2.175        
 56983.4332641   4.621           -2.986        
 56983.4444889   3.668           -2.856        
 56984.4115127   1.924           -1.333        
 56984.4198264   1.543           -1.43         
 56987.3881244   3.807           -2.686        
 56987.4669421   4.701           -2.928        
 56987.4754629   3.742           -2.724        
 56987.5113117   1.998           -1.146        
 56990.4196971   1.863           -1.226        
 56994.4582047   4.017           -2.813        
 56994.4667107   3.35            -2.709        
 56994.500477    2.932           -3.045        
 56999.4381537   1.77            -1.13         
 56999.4464678   3.424           -2.791        
 57001.4072983   4.368           -2.794        
 57001.4157947   3.521           -2.749        
 57001.4458104   4.541           -2.901        
 57003.4109964   3.534           -2.829        
 57004.4094281   3.593           -2.895        
 57005.4059963   3.688           -2.825        
 57005.4913815   4.411           -2.805        
 57008.4497929   4.623           -3.234        
 57008.4585479   3.386           -2.872        
 57010.3968682   3.645           -2.713        
 57010.4574731   1.557           -1.331        
 57012.4501927   4.511           -2.943        
 57013.4531749   3.592           -2.514        
 57015.4314553   2.936           -3.103        
 57015.5224806   4.409           -2.919        
 57015.5310001   3.549           -2.773        
 57015.5711224   1.52            -1.288        
 57018.4380109   3.459           -2.847        
 57018.439387    1.414           -1.351        
 57022.454963    4.555           -3.077        
 57022.4634752   3.642           -3.002        
 57024.3971667   3.753           -2.874        
 57025.4165435   3.591           -2.912        
 57029.4714712   4.089           -3.096        
 57029.479996    3.538           -2.983        
 57035.4480935   3.564           -2.959        
 57036.4167758   4.427           -2.987        
 57036.4252928   3.521           -2.932        
 57036.4591855   4.217           -3.003        
 57038.431946    1.39            -1.415        
 57041.4333026   1.504           -1.423        
 57042.4468512   4.232           -3.217        
 57043.49561     4.042           -3.125        
 57043.5041458   3.422           -2.821        
 57047.4716058   1.468           -1.397        
 57047.4725867   3.501           -2.993        
 57050.4401831   4.399           -3.106        
 57050.4486709   3.671           -2.814        
 57051.4796629   3.366           -2.732        
 57051.4810382   1.415           -1.375        
 57052.2961943   4.284           -3.088        
 57054.4605523   1.366           -1.408        
 57057.4879273   4.204           -3.016        
 57057.4964408   3.404           -2.773        
 57057.5455253   3.418           -2.996        
 57061.3882202   5.635           -2.363        
 57064.4217299   4.175           -2.973        
 57064.4302186   3.547           -2.793        
 57065.5185343   4.44            -2.882        
 57065.5287097   3.586           -2.693        
 57069.4709853   4.616           -2.978        
 57069.4813207   1.581           -1.398        
 57069.4823008   3.974           -2.918        
 57071.484359    4.426           -3.082        
 57071.4928872   3.621           -2.862        
 57072.4373017   4.517           -3.019        
 57072.4474925   3.998           -2.988        
 57076.4319032   3.713           -2.99         
 57078.4788526   4.24            -3.125        
 57078.4873549   3.457           -2.846        
 57079.7946356   4.581           -3.087        
 57079.8137352   3.602           -2.711        
 57080.4725365   4.537           -3.023        
 57087.5344413   3.448           -2.822        
 57087.535821    1.46            -1.401        
 57092.531137    3.889           -3.097        
 57092.5396484   3.063           -2.918        
 57093.4988761   3.439           -3.353        
 57097.4028914   5.94            -2.332        
 57099.5129394   4.347           -2.887        
 57099.521467    3.72            -2.603        
 57110.391951    3.881           -3.054        
 57111.5134363   4.773           -3.242        
 57111.5219521   4.009           -2.868        
 57118.506685    -1.24           -3.784        
 57118.5152269   -1.474          -3.754        
 57118.5924215   -0.825          -3.689        
 57118.6017679   -1.224          -3.492        
 57118.6031357   -0.905          -1.666        
 57119.4991687   -0.402          -3.618        
 57120.1704256   -0.604          -3.378        
 57124.4870086   0.901           0.725         
 57125.5218873   2.913           0.257         
 57125.5304023   2.686           0.706         
 57125.5888814   2.676           0.834         
 57126.488314    4.001           0.384         
 57127.5073785   1.442           0.748         
 57128.4993964   3.834           0.89          
 57130.4730856   1.303           0.705         
 57132.5151801   3.883           0.275         
 57132.5237015   3.591           0.779         
 57133.486903    1.484           0.714         
 57136.4671317   3.686           0.517         
 57139.4394817   3.607           0.454         
 57139.4480023   3.204           0.917         
 57140.3389841   3.015           0.781         
 57142.5006129   3.638           0.317         
 57146.5021369   4.038           0.529         
 57146.5106541   3.754           1.134         
 57146.5711558   1.523           0.897         
 57146.5721419   4.073           0.569         
 57146.588078    1.422           0.822         
 57157.5598637   4.432           -0.172        
 57157.5701724   4.242           0.391         
 57157.5715412   1.684           0.429         
 57160.5324333   3.571           0.506         
 57161.5066325   4.37            0.021         
 57161.5169731   1.472           0.502         
 57163.5205733   3.695           0.122         
 57163.529081    3.304           0.529         
 57164.499567    3.549           0.405         
 57164.5009398   1.368           0.443         
 57166.5349407   4.542           0.077         
 57167.4363515   3.709           0.521         
 57169.4976348   3.95            0.331         
 57170.5145471   4.178           0.057         
 57170.5230564   3.72            0.446         
 57172.5078771   4.435           0.012         
 57173.4959097   1.459           0.498         
 57175.6376998   3.351           0.459         
 57176.495048    1.391           0.566         
 57176.4960283   3.879           0.132         
 57177.554071    3.653           0.123         
 57177.5625775   3.104           0.356         
 57184.5523594   4.325           0.113         
 57184.5608785   3.828           0.597         
 57185.5390646   4.256           0.082         
 57185.5404468   1.615           0.547         
 57191.5125436   4.456           0.337         
 57191.5210745   3.987           0.739         
 57191.5726875   4.639           0.393         
 57191.5830023   1.623           0.637         
 57192.5273739   3.81            0.584         
 57192.5863272   3.851           0.683         
 57195.5106963   1.821           0.588         
 57195.518708    4.146           0.508         
 57197.6448858   1.658           0.502         
 57198.546335    4.728           0.066         
 57198.5548942   4.239           0.531         
 57199.5679029   4.548           0.064         
 57199.5770666   4.15            0.401         
 57202.4530898   7.386           0.5           
 57203.5356827   1.969           0.486         
 57203.5366563   5.009           -0.105        
 57203.5593893   1.843           0.448         
 57203.5603714   4.527           0.366         
 57205.7845284   5.009           0.038         
 57205.7930293   4.342           0.484         
 57206.4989613   5.284           0.049         
 57206.5092554   4.604           0.327         
 57212.5562838   4.517           0.146         
 57212.5650623   3.792           0.395         
 57213.4796042   1.706           0.468         
 57213.4876143   1.506           0.248         
 57216.5418873   4.424           0.594         
 57216.5435408   1.844           0.58          
 57219.5288853   4.669           0.433         
 57219.5374784   3.968           0.744         
 57220.5371555   1.709           0.687         
 57220.5452525   3.913           0.739         
 57220.5466297   1.58            0.658         
 57223.5516439   4.71            0.374         
 57223.5530215   1.765           0.705         
 57223.5762416   4.089           0.665         
 57223.577616    1.606           0.679         
 57226.545904    4.623           0.515         
 57226.5543933   4.144           0.904         
 57229.5272857   4.072           0.292         
 57229.5357658   3.57            0.441         
 57229.5819415   3.687           0.543         
 57229.5833155   1.419           0.584         
 57230.5177406   1.74            0.579         
 57232.5055481   1.697           0.539         
 57234.5173542   4.838           0.221         
 57234.5187358   1.901           0.544         
 57236.6006621   4.633           0.161         
 57236.6091564   3.947           0.522         
 57244.7521923   4.204           0.169         
 57244.7607829   3.715           0.709         
 57246.6110392   3.598           0.614         
 57248.4901654   1.496           0.533         
 57250.4001313   3.922           -0.005        
 57250.4086287   3.387           0.491         
 57250.4429716   4.161           -0.038        
 57251.3135455   4.756           0.077         
 57251.3240562   4.096           0.384         
 57254.5085271   1.581           0.503         
 57255.588993    4.659           0.139         
 57255.5981337   3.879           0.581         
 57257.5313131   4.249           0.135         
 57257.539832    3.605           0.429         
 57258.5135124   3.983           0.391         
 57258.5148935   6.987           0.301         
 57259.5009754   7.005           0.439         
 57260.5740665   7.141           0.522         
 57261.5212309   6.655           0.523         
 57264.5501762   4.021           0.451         
 57264.5589664   3.688           0.91          
 57268.4926852   1.969           0.585         
 57268.5008803   1.839           0.488         
 57269.5053099   1.965           0.657         
 57270.4985374   1.888           0.58          
 57271.4932757   5.103           0.345         
 57271.5021281   4.544           0.616         
 57271.5551957   1.829           0.631         
 57272.495424    4.668           0.477         
 57273.4558998   2.13            0.565         
 57275.6290202   1.722           0.541         
 57276.4687299   4.926           0.269         
 57277.4808525   1.791           0.57          
 57278.5641529   4.48            0.22          
 57278.5726872   3.89            0.598         
 57282.4671236   1.715           0.726         
 57282.6749749   1.852           0.721         
 57283.4872847   4.631           0.226         
 57285.5031935   4.387           0.098         
 57285.5119754   4.021           0.572         
 57292.4710111   4.671           0.229         
 57292.4795369   4.125           0.685         
 57292.5670604   4.721           0.215         
 57292.5773944   1.686           0.688         
 57295.5057872   4.838           0.191         
 57295.5161132   1.691           0.565         
 57298.4740286   4.075           0.689         
 57299.4804356   4.459           0.119         
 57299.4893385   3.867           0.708         
 57299.5241755   1.717           0.654         
 57300.1748521   4.089           0.245         
 57300.1829489   1.486           0.589         
 57300.191392    3.602           0.649         
 57300.1994992   1.401           0.607         
 57306.5593181   4.635           0.287         
 57306.5680496   4.002           0.642         
 57306.6218558   1.735           0.608         
 57310.4998097   4.258           0.153         
 57310.5101469   1.694           0.555         
 57311.4692474   4.046           0.499         
 57321.4698996   4.687           0.205         
 57321.4783916   4.031           0.682         
 57327.487577    1.977           0.671         
 57327.5012503   4.305           0.623         
 57328.4542165   5.021           0.23          
 57328.4627104   4.139           0.659         
 57329.4007176   4.718           0.191         
 57331.1444056   3.633           0.272         
 57331.1525508   1.336           0.624         
 57331.1612821   2.905           0.557         
 57331.1693643   1.034           0.563         
 57335.4412364   4.238           0.052         
 57335.4497639   3.934           0.442         
 57335.4923849   1.79            0.47          
 57336.4559838   3.941           0.663         
 57338.4491532   1.691           0.356         
 57340.4528431   4.375           0.171         
 57340.4764352   3.661           0.56          
 57342.4664272   4.809           -0.085        
 57342.4749134   3.437           0.199         
 57342.5200196   1.762           0.576         
 57343.452342    4.161           0.534         
 57347.450607    4.88            0.191         
 57349.438995    4.97            -0.024        
 57349.4475117   4.309           0.605         
 57356.4548519   10.069          1.455         
 57356.4633644   8.849           2.195         
 57357.4410491   0.06            -0.172        
 57358.5986025   -1.165          0.199         
 57358.8339705   0.064           1.001         
 57359.468682    -0.038          -0.043        
 57360.4445983   0.14            0.33          
 57363.4465253   5.741           1.532         
 57363.4550256   4.312           1.982         
 57370.4499586   5.566           1.645         
 57370.4587341   3.835           2.292         
 57377.4500192   5.056           1.422         
 57377.458486    3.815           2.169         
 57377.549639    2.247           1.383         
 57377.5688993   3.96            2.156         
 57378.4353247   5.61            1.627         
 57380.4239216   3.135           1.725         
 57384.4694845   5.315           1.533         
 57384.4779816   3.806           2.088         
 57391.4653341   4.96            1.486         
 57391.473833    3.481           2.091         
 57397.4419029   2.111           1.454         
 57398.4468815   5.21            1.785         
 57398.4553664   3.902           2.278         
 57399.4569523   4.503           2.327         
 57401.4482173   1.665           1.462         
 57405.4909045   5.159           1.656         
 57405.4993885   3.908           2.155         
 57412.4983366   5.443           1.453         
 57412.5068121   3.804           2.135         
 57419.5145024   5.375           1.865         
 57419.5230204   3.96            2.336         
 57423.4489482   4.114           2.398         
 57424.443831    2.25            1.297         
 57426.5128808   5.586           1.638         
 57426.5213951   4.253           2.142         
 57427.4911176   2.213           1.434         
 57428.48345     1.67            1.374         
 57431.4781418   6.563           2.104         
 57433.4976644   4.991           1.535         
 57433.5061617   3.699           2.176         
 57439.5321321   5.782           1.655         
 57440.4896357   6.055           1.651         
 57440.4981351   4.594           2.247         
 57440.8377456   4.266           2.419         
 57442.4256084   7.443           2.243         
 57453.4729897   -1.211          1.193         
 57454.4954029   -0.411          1.781         
 57454.5254041   -2.075          2.163         
 57454.5789371   -0.646          1.893         
 57455.4654211   -1.447          1.511         
 57456.4756485   -0.792          1.454         
 57461.4971721   -0.598          1.735         
 57461.5056616   -2.013          2.133         
 57464.4925428   -2.045          1.926         
 57465.4907791   -0.647          1.559         
 57467.4830952   -0.851          1.287         
 57467.5531845   -0.782          1.16          
 57468.4995481   -0.563          1.277         
 57468.5080703   -1.913          1.787         
 57470.5436678   -0.18           1.301         
 57475.5177825   -0.232          1.266         
 57475.5262864   -1.78           1.714         
 57476.4948842   -0.094          1.332         
 57478.499528    -1.827          1.901         
 57479.503389    -1.801          1.817         
 57482.503417    -0.396          1.539         
 57482.5119461   -2.016          1.977         
 57482.5530338   -1.434          1.419         
 57484.4670772   -0.427          1.278         
 57485.5100483   -0.683          1.237         
 57488.4965123   -2.019          1.856         
 57489.4485756   -0.445          1.316         
 57489.4570922   -1.885          1.906         
 57489.5210696   -0.408          1.462         
 57495.4686067   -1.564          1.671         
 57496.5184725   -0.378          1.203         
 57496.5275218   -1.865          1.482         
 57496.5685815   1.429           1.868         
 57497.520179    -0.112          1.411         
 57500.5101371   -1.674          1.891         
 57503.5171442   -0.26           1.12          
 57503.5256777   -1.723          1.763         
 57503.5784657   -1.726          1.658         
 57510.530666    -0.76           0.991         
 57510.5391758   -1.873          1.724         
 57513.4489061   -0.634          1.142         
 57513.4589104   1.007           1.857         
 57516.4313323   -0.378          1.187         
 57517.4776421   -1.105          0.71          
 57517.4862654   -2.417          1.626         
 57520.502339    -2.076          1.855         
 57522.6466865   -1.399          1.259         
 57523.5046264   -0.69           1.187         
 57523.5126534   -1.742          2.066         
 57524.5276622   -0.722          1.236         
 57524.5363143   -2.249          1.805         
 57527.5514158   -1.988          1.832         
 57529.4903995   -0.546          1.307         
 57530.5077659   -1.888          1.951         
 57531.500125    -0.836          1.45          
 57531.5086301   -2.333          1.871         
 57538.6358554   -0.352          1.629         
 57538.6443532   -1.858          1.997         
 57540.5568794   -0.623          1.283         
 57540.5649061   -1.81           2.039         
 57543.5039236   -0.625          1.275         
 57543.5119349   -1.868          2.062         
 57543.5131519   -1.326          1.366         
 57545.4762584   -0.357          1.779         
 57545.4847711   -1.958          2.173         
 57548.5242711   -0.883          1.365         
 57548.5343723   -1.62           1.454         
 57548.5353482   -2.387          2.026         
 57550.4876762   -0.937          1.21          
 57551.5396512   -0.775          1.239         
 57551.5496545   -2.167          1.901         
 57552.541437    -0.938          1.216         
 57552.5499363   -2.385          1.808         
 57552.600261    0.884           1.997         
 57553.5252474   -1.554          1.361         
 57554.5247356   -2.202          2.047         
 57555.5217401   -0.508          1.431         
 57559.539156    -0.232          1.544         
 57559.5476723   -1.917          1.971         
 57566.5144253   -0.642          1.412         
 57566.5232281   -2.497          2.075         
 57567.5872634   -2.876          1.86          
 57570.5200337   -1.253          1.395         
 57570.5210013   -1.681          2.021         
 57571.5241884   -0.008          1.35          
 57572.4523044   1.262           1.881         
 57573.4679233   0.317           1.224         
 57573.4767649   -2.194          1.569         
 57576.5088728   -0.228          1.482         
 57576.5189226   -2.008          2.039         
 57580.521363    0.232           1.316         
 57580.5298753   -1.399          1.944         
 57582.5246465   -1.461          2.129         
 57583.5377576   0.178           1.312         
 57585.5215929   -1.809          1.928         
 57587.5477943   -0.127          1.503         
 57587.5563214   -1.681          1.951         
 57587.6609556   -1.395          1.362         
 57590.511345    -1.827          1.783         
 57592.5326406   -1.255          1.291         
 57593.5141219   -0.097          1.278         
 57594.527966    -0.204          1.35          
 57594.5366702   -1.841          2.045         
 57595.5366026   -1.694          1.797         
 57596.5018123   -1.415          1.329         
 57597.5289338   -0.82           1.148         
 57600.4868712   -0.574          1.235         
 57600.4948853   -1.232          1.334         
 57601.5157467   -0.455          1.067         
 57601.5245428   -1.881          1.747         
 57601.5761485   -1.813          2.045         
 57604.5070167   -1.366          1.231         
 57608.5399498   -0.095          1.292         
 57608.548466    -1.585          1.711         
 57608.6137046   -0.09           1.385         
 57610.4994842   -1.639          1.818         
 57612.5098116   -1.258          1.249         
 57613.5320955   -0.031          1.103         
 57615.6051315   -0.317          1.128         
 57615.6136456   -1.813          1.713         
 57616.4820735   -1.563          1.521         
 57619.5338311   -0.252          0.934         
 57619.5438466   -1.66           1.666         
 57622.5419498   -0.74           1.022         
 57622.5507472   -2.341          1.741         
 57623.4760753   -1.622          1.438         
 57623.4772967   -1.265          1.083         
 57624.4835176   -0.577          1.084         
 57629.503101    0.204           0.991         
 57629.5119047   -1.556          1.819         
 57629.5949701   0.028           1.037         
 57629.6050134   -1.811          1.752         
 57634.4711814   -1.815          1.786         
 57635.5588381   -0.087          1.272         
 57635.5600637   -0.616          1.139         
 57636.5128122   0.053           1.286         
 57636.5213377   -1.847          1.845         
 57639.494468    -1.524          1.702         
 57640.5257796   -0.385          1.199         
 57642.4757169   -0.819          1.079         
 57643.4286589   -1.481          1.186         
 57643.5209049   -0.712          1.204         
 57643.5294193   -2.08           1.728         
 57643.6108484   -0.491          1.356         
 57643.6273234   -1.977          1.744         
 57650.5063462   -0.579          1.013         
 57650.5148805   -2.273          1.658         
 57651.5016117   -2.003          1.694         
 57654.4781042   -0.893          1.876         
 57655.4988642   0.324           0.916         
 57657.5143719   0.369           1.107         
 57657.5228953   -1.113          1.668         
 57658.4841682   -0.313          1.149         
 57662.3722407   -0.725          1.648         
 57663.5219115   -0.394          1.187         
 57663.5299183   -1.353          1.764         
 57664.4901219   0.419           1.251         
 57664.4986152   -1.093          1.865         
 57665.4684954   0.567           1.133         
 57671.4724242   0.928           1.229         
 57671.4808983   -0.58           1.978         
 57674.5520935   0.847           1.402         
 57674.5610499   -0.714          2.194         
 57674.562272    -0.75           1.44          
 57678.4915875   0.779           1.379         
 57678.5000951   -0.781          2.175         
 57680.5261871   0.659           1.401         
 57684.5233255   0.741           1.564         
 57685.4794909   0.56            1.372         
 57685.4880036   -0.985          2.181         
 57686.4373375   -0.911          2.019         
 57687.5097458   0.255           1.318         
 57687.5187041   -0.968          1.361         
 57690.5022829   -0.162          1.303         
 57690.5103136   -0.728          1.814         
 57692.4743732   1.108           1.505         
 57692.4828781   -0.44           2.137         
 57694.4833658   0.017           1.238         
 57699.4471216   0.693           1.33          
 57699.4556511   -0.728          2.075         
 57702.4536127   -0.906          1.363         
 57706.580833    1.042           1.424         
 57706.5893588   -0.547          2.119         
 57711.4490292   1.153           1.293         
 57713.3913343   1.016           1.349         
 57713.3998576   -0.275          2.079         
 57723.4600487   1.068           1.236         
 57723.468551    -0.712          1.647         
 57723.6585936   0.874           1.372         
 57723.6675339   -0.671          1.468         
 57726.4839293   1.173           1.302         
 57726.492897    -0.596          1.314         
 57727.4254908   0.013           1.193         
 57728.4576583   -0.108          1.262         
 57728.4657037   -0.689          2.081         
 57729.3766295   0.264           1.332         
 57729.3846393   -0.641          1.872         
 57742.434085    -0.25           2.2           
 57744.481526    1.467           1.316         
 57745.4456488   0.179           1.278         
 57745.4536458   0.01            2.036         
 57747.4657521   1.738           1.405         
 57747.474273    0.094           2.178         
 57748.5028823   0.017           2.261         
 57750.4575956   0.271           1.421         
 57753.4965393   1.301           1.464         
 57754.4688166   1.077           1.466         
 57754.4776114   -0.529          1.962         
 57756.4923072   -0.014          1.36          
 57756.4932779   1.139           1.497         
 57760.5297205   1.384           1.675         
 57761.4526989   1.18            1.546         
 57761.4612298   -0.519          1.9           
 57764.4598173   1.589           1.411         
 57769.6049021   1.666           1.448         
 57785.9942538   1.048           1.68          
 57786.0027467   -0.126          2.202         
 57786.2340071   1.443           1.481         
 57786.2425036   -0.057          1.873         
 57786.4962548   1.599           1.412         
 57786.504762    0.402           2.073         
 57786.539231    0.086           1.904         
 57787.515334    1.663           1.524         
 57793.4893741   1.253           1.281         
 57793.497878    -0.128          1.871         
 57793.5414788   -0.154          1.932         
 57797.5578443   1.85            1.262         
 57797.5667773   0.287           2.114         
 57798.4028628   -0.341          1.372         
 57800.5265968   1.434           1.695         
 57800.5351366   -0.03           2.266         
 57800.6251748   1.434           1.529         
 57802.1615093   1.414           1.634         
 57802.1696031   0.104           1.411         
 57802.1783614   -0.018          2.364         
 57802.186456    -0.456          1.374         
 57805.472915    1.374           1.613         
 57806.5262739   -0.002          2.389         
 57807.505145    1.553           1.9           
 57807.5139722   -0.007          2.478         
 57808.458739    1.918           1.672         
 57815.4983017   1.575           1.69          
 57815.5067988   0.13            2.369         
 57815.580603    0.014           1.836         
 57821.5067663   0.224           2.289         
 57822.5023758   1.569           1.638         
 57822.5108869   0.093           2.405         
 57826.4213437   -0.385          1.492         
 57829.4496914   1.499           1.917         
 57829.4582069   -0.032          2.444         
 57831.5456171   0.22            2.267         
 57836.5097278   1.73            1.686         
 57836.5184805   0.342           2.188         
 57837.5044279   0.301           2.33          
 57842.5170126   -0.392          1.555         
 57843.5567687   1.625           1.792         
 57843.5654718   0.156           2.496         
 57844.5303796   0.232           2.406         
 57845.6253638   1.664           1.935         
 57845.6344324   -0.379          1.585         
 57848.6116626   0.979           1.743         
 57848.6204451   3.032           2.545         
 57848.6213434   -0.044          2.492         
 57850.5222555   1.854           1.765         
 57850.5307888   0.313           2.09          
 57852.5666555   1.784           1.809         
 57853.5282568   0.34            2.303         
 57856.5414468   0.138           2.433         
 57857.5341832   1.244           1.797         
 57857.5426964   -0.208          2.416         
 57860.4928993   1.531           1.66          
 57860.5029285   0.236           2.141         
 57861.5453326   -0.161          1.479         
 57863.4287307   1.747           1.695         
 57865.4956944   0.151           2.438         
 57866.5387275   1.385           1.749         
 57869.4794903   1.66            1.764         
 57871.5095047   1.713           1.7           
 57871.5180089   0.172           2.409         
 57872.7176402   1.306           1.755         
 57875.4918246   1.534           1.776         
 57875.5018401   0.213           2.209         
 57877.4949665   -0.144          2.284         
 57878.5277904   1.287           1.665         
 57878.5362865   -0.014          2.196         
 57880.4821931   1.723           1.905         
 57882.5141591   0.1             2.282         
 57882.7783508   0.131           2.47          
 57885.6969979   1.54            1.907         
 57885.7055011   0.049           2.408         
 57889.5621695   0.156           2.51          
 57892.5467622   1.578           2.03          
 57892.5552695   -0.07           2.609         
 57892.5957009   -0.459          1.613         
 57899.4473477   1.337           1.776         
 57899.455869    -0.176          2.441         
 57904.4886012   -0.104          2.481         
 57906.5431892   1.053           1.785         
 57906.5517032   -0.284          2.362         
 57909.5236813   3.232           2.436         
 57913.5431327   1.515           2.041         
 57913.5519683   -0.278          2.46          
 57913.6068295   -0.207          2.739         
 57917.5073369   -0.079          2.474         
 57919.5424466   1.355           1.584         
 57920.5239714   1.553           1.636         
 57920.5324878   0.063           2.583         
 57920.5939873   0.197           2.467         
 57923.5134408   -0.089          2.316         
 57927.5317343   1.653           1.972         
 57927.5404501   -0.1            2.429         
 57929.4458303   -0.219          2.318         
 57932.516989    -0.326          1.601         
 57934.5212821   1.371           1.396         
 57934.5298152   -0.245          2.399         
 57935.5026891   1.223           1.76          
 57940.4952479   -0.057          2.498         
 57941.5219641   1.171           1.752         
 57941.5306602   -0.241          2.207         
 57945.5147395   -0.217          2.263         
 57948.5746974   1.31            1.776         
 57948.5832319   -0.337          2.332         
 57950.5095109   -0.219          1.526         
 57951.8314452   -0.414          2.565         
 57953.5246152   1.466           1.886         
 57954.5302954   1.162           1.778         
 57955.5257131   1.7             1.654         
 57955.5342639   0.347           2.44          
 57957.4979123   1.994           1.486         
 57960.4863794   -0.541          1.474         
 57962.5142087   1.372           1.538         
 57962.5227198   -0.104          2.24          
 57963.5187447   1.252           1.599         
 57963.5726852   -0.124          2.151         
 57964.6994254   -0.6            1.588         
 57966.4790019   -0.296          1.329         
 57969.528907    1.463           1.411         
 57969.537423    -0.234          2.283         
 57969.5865164   1.461           1.602         
 57970.5230987   -0.088          2.247         
 57974.5873868   1.785           1.622         
 57974.6570349   1.564           1.731         
 57974.6670789   0.128           2.223         
 57980.5878523   1.396           1.802         
 57980.5978564   -0.386          2.463         
 57983.5202561   1.538           1.626         
 57983.5287355   -0.199          2.214         
 57983.6270983   -0.493          2.198         
 57986.5585003   1.185           1.495         
 57989.5800806   1.545           1.479         
 57990.6726943   1.155           1.536         
 57990.6811782   -0.121          2.263         
 57992.4912432   1.495           1.735         
 57997.4994351   1.014           1.431         
 57997.5079214   -0.408          1.934         
 58001.552466    1.091           1.549         
 58004.516825    1.535           1.346         
 58004.5253251   0.0             2.088         
 58004.6369732   0.178           2.066         
 58007.5333657   -0.11           2.303         
 58011.4995808   0.808           1.603         
 58011.5403019   -0.795          2.264         
 58011.6574051   -0.863          2.434         
 58013.5328652   1.077           1.662         
 58014.4291641   -0.283          2.25          
 58018.4756485   1.417           1.634         
 58018.4841369   -0.327          2.088         
 58018.5337933   1.45            1.501         
 58018.5437814   -0.094          2.114         
 58025.4736644   1.18            1.48          
 58025.4821554   -0.537          2.086         
 58027.4794889   1.51            1.231         
 58028.5151658   0.29            2.064         
 58031.5322943   1.973           1.691         
 58032.4867943   1.746           1.498         
 58032.4952921   0.104           2.072         
 58032.623582    0.896           1.56          
 58035.5152131   0.163           2.255         
 58036.492334    -0.005          2.302         
 58039.4891281   1.5             1.432         
 58039.4976182   -0.042          2.134         
 58046.6426238   0.84            1.523         
 58046.6511232   -0.618          2.26          
 58048.476752    0.064           1.307         
 58048.4777124   1.17            1.305         
 58048.493016    -0.55           1.317         
 58051.4934473   -0.398          1.952         
 58056.4155114   1.706           1.338         
 58056.5452701   0.106           2.296         
 58060.449717    1.312           1.428         
 58060.4582212   -0.242          2.233         
 58062.4427043   0.12            1.277         
 58063.5064933   -0.143          2.051         
 58067.4678132   1.369           1.296         
 58067.4763139   -0.097          2.078         
 58067.6584415   -0.225          2.045         
 58070.5070697   -0.11           2.041         
 58071.4395479   -0.444          1.324         
 58072.4159513   0.212           1.334         
 58074.4562957   1.314           1.323         
 58074.4647984   -0.017          1.924         
 58075.4951065   0.248           1.143         
 58075.4960734   1.65            1.284         
 58075.5112174   -0.352          1.401         
 58075.51218     0.235           1.966         
 58078.4565667   2.052           1.512         
 58078.4652927   -0.332          1.417         
 58079.5143398   -0.048          2.006         
 58081.4658153   1.98            1.418         
 58081.6627633   -0.501          2.076         
 58081.7720759   3.21            1.497         
 58082.7694439   1.228           1.568         
 58082.7781578   -0.637          1.423         
 58083.4457197   0.298           1.306         
 58088.4584613   1.756           1.338         
 58088.4669532   0.091           1.985         
 58089.4432667   1.479           1.242         
 58089.4522472   -0.061          2.035         
 58090.4518343   1.603           1.476         
 58090.4603352   0.017           1.923         
 58095.5494575   -0.12           1.944         
 58097.4625186   1.328           1.309         
 58097.4710469   -0.153          1.839         
 58100.4610363   0.163           1.322         
 58100.4692253   0.045           1.971         
 58104.4476227   1.477           1.54          
 58104.4561393   -0.07           2.145         
 58105.586512    1.234           1.459         
 58106.4776487   -0.57           1.405         
 58110.4998165   -0.42           1.415         
 58111.6080604   -0.106          2.073         
 58111.690193    1.463           1.623         
 58111.6986883   -0.135          2.155         
 58117.4881998   0.083           2.145         
 58118.449773    1.852           1.145         
 58118.4584265   0.301           1.84          
 58120.4831097   0.281           2.055         
 58124.4370354   -0.428          1.364         
 58125.4609703   1.518           1.232         
 58125.4694707   0.118           1.852         
 58125.558176    0.321           2.056         
 58131.4842578   3.191           2.22          
 58132.4637839   1.726           1.494         
 58132.4722885   0.22            1.888         
 58134.6469992   1.821           1.646         
 58134.6572614   0.171           2.249         
 58139.4616054   1.818           1.308         
 58139.4701011   0.489           1.774         
 58142.4411107   1.476           1.574         
 58146.5952978   0.932           1.333         
 58146.6037866   -0.312          1.849         
 58150.3518648   -0.083          1.829         
 58152.4674969   1.461           1.265         
 58153.466456    1.598           1.09          
 58153.4749594   0.081           1.712         
 58154.4429371   0.383           1.247         
 58160.4731637   1.319           1.295         
 58160.4816957   0.065           1.841         
 58160.6266442   1.05            1.294         
 58160.6355387   -0.296          1.818         
 58163.6033332   1.158           1.171         
 58163.607535    -0.107          1.816         
 58167.5249047   1.729           1.016         
 58167.5335917   0.473           1.766         
 58168.5131185   2.116           1.376         
 58169.4849197   0.78            1.898         
 58171.5003793   1.951           1.104         
 58174.5045647   2.143           1.241         
 58174.5132561   0.59            1.975         
 58174.5939919   0.425           2.115         
 58177.5780384   2.211           1.346         
 58177.5867437   0.697           1.994         
 58181.5106507   1.788           1.292         
 58181.5191852   0.289           1.907         
 58181.6276171   0.436           1.827         
 58183.4700485   0.588           1.291         
 58184.5093922   3.0             1.428         
 58187.5414812   0.229           1.929         
 58188.4946831   1.488           1.385         
 58188.5032187   0.007           1.891         
 58191.5382474   0.501           2.14          
 58194.5048797   2.047           1.488         
 58195.4925587   2.095           1.212         
 58195.5010814   0.603           1.853         
 58195.6012548   0.569           1.995         
 58199.4563778   1.899           1.16          
 58201.4491404   2.446           1.402         
 58202.4920368   2.23            1.572         
 58202.5005304   0.798           1.815         
 58203.3421586   2.648           1.076         
 58203.3502665   0.729           1.24          
 58203.3587052   0.966           1.666         
 58203.3667966   0.046           1.219         
 58203.4593999   2.817           1.166         
 58205.4578178   2.499           1.45          
 58207.4756056   2.192           1.565         
 58209.4794034   2.661           1.632         
 58209.5922148   2.475           1.645         
 58209.6007143   1.025           2.121         
 58210.4976587   0.829           1.26          
 58210.5113946   4.206           2.296         
 58211.565271    0.959           2.479         
 58211.5664896   0.086           1.399         
 58213.4864983   2.497           1.699         
 58214.4958239   2.16            1.664         
 58215.5492948   0.555           1.297         
 58216.5286215   2.208           1.461         
 58216.5371542   0.574           2.183         
 58217.5156256   1.427           1.464         
 58217.524172    0.123           2.132         
 58217.6387471   1.917           1.486         
 58220.5185916   1.956           1.447         
 58223.4950208   1.581           1.445         
 58224.5025146   1.72            1.428         
 58224.5110586   0.245           1.919         
 58227.6909006   0.113           2.208         
 58228.4710005   2.088           1.469         
 58229.4546866   1.696           1.407         
 58230.5022097   0.415           1.273         
 58231.509815    1.839           1.409         
 58231.5186096   0.468           1.944         
 58232.5148261   1.992           1.488         
 58236.5774409   1.915           1.353         
 58238.5259921   1.702           1.382         
 58238.5344995   0.152           2.075         
 58239.517068    1.786           1.286         
 58242.537203    2.592           0.948         
 58242.5463105   -0.18           1.687         
 58242.9344612   0.633           2.323         
 58247.5461635   2.665           1.344         
 58247.5548503   1.182           2.004         
 58249.5328392   2.655           1.438         
 58252.538874    2.442           1.402         
 58252.5400985   0.713           1.194         
 58254.5061908   2.183           1.251         
 58254.5149408   0.654           1.774         
 58256.5292214   0.783           1.204         
 58261.5404208   2.527           1.445         
 58261.5489405   1.065           2.287         
 58262.5400853   2.518           1.53          
 58264.4904055   4.107           2.141         
 58265.5593084   2.243           1.392         
 58268.5437724   2.674           1.574         
 58268.5522992   1.021           2.159         
 58271.4952757   2.766           1.459         
 58272.5409094   4.129           2.023         
 58275.5220478   2.674           1.375         
 58275.5305695   1.057           1.95          
 58277.5048418   0.97            2.094         
 58278.5000204   1.081           2.154         
 58279.5137003   2.93            1.326         
 58281.4917655   0.759           1.339         
 58282.526149    2.349           1.653         
 58282.5349632   0.359           1.963         
 58284.5385821   2.4             1.578         
 58284.5475679   0.638           2.263         
 58288.6037394   2.046           1.647         
 58289.5226405   2.355           1.44          
 58289.5311801   0.751           2.271         
 58290.5541369   2.171           1.788         
 58296.5181025   2.327           1.404         
 58296.5267612   0.626           1.957         
 58298.5349025   2.546           1.502         
 58299.4543601   3.834           2.339         
 58301.5581207   2.267           1.167         
 58301.5593348   0.573           1.339         
 58301.5749498   0.655           2.256         
 58303.5390939   2.934           1.459         
 58303.547642    0.781           2.237         
 58304.5332479   2.461           1.431         
 58305.5473592   0.615           1.322         
 58305.5566256   0.719           2.021         
 58308.5018854   0.579           1.289         
 58310.5168792   2.365           1.547         
 58310.5257341   0.676           2.073         
 58312.6102884   1.718           1.343         
 58316.5338659   2.498           1.451         
 58317.5398946   2.372           1.389         
 58317.5485721   0.828           2.126         
 58321.39749     0.027           1.42          
 58322.476464    0.01            1.318         
 58323.5540326   2.461           1.556         
 58324.5103708   2.529           1.81          
 58324.5188738   0.838           2.165         
 58327.5275513   2.304           1.436         
 58330.5252274   2.446           1.383         
 58331.4566148   2.264           1.474         
 58331.4651295   0.585           2.028         
 58338.5069306   2.165           1.235         
 58338.5154631   0.639           1.937         
 58338.606563    2.087           1.485         
 58338.6157234   0.588           2.14          
 58339.5320637   0.047           1.417         
 58342.5543459   2.247           1.545         
 58342.5633014   0.778           2.046         
 58342.5645161   -0.013          1.411         
 58345.508042    2.095           1.169         
 58345.5165501   0.668           1.918         
 58346.4506078   -0.056          1.293         
 58351.5241509   0.949           1.961         
 58352.5179615   2.147           1.246         
 58352.5266399   0.688           2.049         
 58352.5758026   2.162           1.405         
 58354.5316955   3.886           1.944         
 58355.4958914   2.362           1.222         
 58356.5210229   -0.114          1.374         
 58359.5305565   2.416           1.426         
 58359.5390603   0.861           1.928         
 58360.8474556   1.653           1.515         
 58360.8574693   0.523           2.23          
 58362.5007244   2.934           1.431         
 58362.510771    1.123           1.998         
 58362.7170557   3.638           2.335         
 58363.5299492   2.21            1.74          
 58364.4862056   0.04            2.34          
 58366.496061    1.93            1.325         
 58366.5045555   0.613           2.117         
 58368.5078476   2.006           1.727         
 58371.4687057   3.95            2.088         
 58372.5414034   2.212           1.535         
 58373.5430496   2.183           1.326         
 58373.5605933   0.626           2.072         
 58378.4840168   -0.177          1.388         
 58379.509689    -0.047          1.385         
 58379.5106603   0.771           2.006         
 58380.4931405   1.969           1.324         
 58380.5016862   0.542           2.251         
 58387.5031344   2.09            1.578         
 58387.5117471   0.536           2.239         
 58393.4972527   0.448           1.189         
 58393.5053096   0.618           1.779         
 58394.5073175   1.987           1.345         
 58394.5161548   0.514           2.128         
 58397.4340263   1.735           1.528         
 58397.4440328   0.414           2.111         
 58399.4624088   0.512           1.225         
 58399.4761288   -0.045          1.299         
 58400.4859242   0.924           2.027         
 58401.4740305   2.5             1.256         
 58401.4828092   0.932           2.007         
 58402.4810905   0.68            1.248         
 58403.5092197   0.864           2.096         
 58405.7587283   2.944           2.011         
 58407.4593021   0.651           1.974         
 58408.4607962   2.409           1.274         
 58408.4693074   0.884           1.99          
 58410.4833102   0.314           1.281         
 58410.491414    0.335           1.856         
 58412.4938039   1.965           1.322         
 58414.4688847   0.761           2.032         
 58415.5008338   2.337           1.285         
 58415.5093232   0.751           2.114         
 58415.5861908   2.038           1.41          
 58421.4693752   0.543           1.161         
 58421.4703413   2.224           1.208         
 58422.4608488   1.979           1.167         
 58422.4693493   0.522           1.914         
 58424.4722498   0.437           1.18          
 58424.473214    1.985           1.342         
 58426.4891627   0.739           2.088         
 58429.4779467   2.097           1.489         
 58429.4865384   0.654           2.026         
 58431.4114284   0.415           1.266         
 58436.4428847   1.825           0.984         
 58436.4513916   0.751           1.577         
 58438.4629128   0.564           1.884         
 58439.4476396   0.633           1.17          
 58441.4573213   2.092           1.266         
 58441.4662614   0.611           2.095         
 58443.4842176   1.966           1.196         
 58443.4927077   0.49            1.733         
 58444.4990664   2.101           1.321         
 58444.5080261   0.621           1.894         
 58446.4229655   -0.192          1.355         
 58447.4727381   1.962           1.405         
 58448.4435824   0.762           1.869         
 58449.4142459   -0.073          1.217         
 58450.4451702   2.276           1.38          
 58450.4536689   0.78            1.951         
 58451.4572612   0.753           1.197         
 58451.4652963   1.002           1.96          
 58455.4390358   1.258           1.778         
 58456.4425714   2.559           1.371         
 58456.4512852   0.132           1.194         
 58457.4511369   2.503           1.459         
 58457.4598073   0.971           1.878         
 58457.5386074   0.886           2.062         
 58457.5398223   0.03            1.313         
 58459.4337735   0.804           1.267         
 58460.4338562   0.656           1.979         
 58461.4496978   0.318           1.186         
 58461.4577078   0.535           2.038         
 58463.6248767   3.391           2.241         
 58464.4531014   1.496           1.376         
 58464.4615812   0.225           2.05          
 58470.4508029   -0.361          1.243         
 58471.4636966   1.824           1.293         
 58471.4722029   0.202           1.795         
 58471.5388962   0.275           1.984         
 58473.4599029   -0.361          1.201         
 58475.442554    0.35            1.935         
 58476.4337403   -0.339          1.163         
 58477.4548351   0.326           1.269         
 58478.4452858   1.696           1.192         
 58478.453827    0.317           1.909         
 58479.4517232   0.384           1.828         
 58482.4650413   0.082           1.962         
 58484.4528468   1.632           1.342         
 58485.4361655   1.592           1.293         
 58485.4446555   0.111           1.877         
 58486.4559725   0.094           1.694         
 58488.4155355   1.731           1.336         
 58489.4951704   0.284           1.809         
 58492.4706267   2.103           1.282         
 58492.4791118   0.539           1.778         
 58499.4698332   1.971           1.147         
 58499.4786071   0.426           1.893         
 58500.4623738   0.613           1.849         
 58506.4715451   1.548           1.179         
 58506.4800483   0.222           1.694         
 58507.5885176   0.278           1.869         
 58511.4680453   0.292           1.786         
 58513.4243399   1.512           1.375         
 58513.4328244   0.259           1.893         
 58517.5897943   1.748           1.181         
 58517.6062338   0.319           1.875         
 58520.4730151   1.681           1.162         
 58520.4815525   0.454           1.67          
 58520.5534695   1.877           1.172         
 58520.5575129   0.576           1.719         
 58524.4581779   0.566           1.567         
 58526.4852168   1.825           1.195         
 58527.5139265   1.711           1.189         
 58527.5224488   0.351           1.783         
 58532.5495936   0.51            1.721         
 58534.4892392   2.238           1.004         
 58534.4979876   0.791           1.907         
 58535.519348    0.477           1.946         
 58536.4693922   1.989           1.044         
 58538.4897805   0.587           1.647         
 58541.4889825   2.13            1.182         
 58541.4975305   0.685           1.689         
 58548.4994299   1.763           1.264         
 58548.5079778   0.254           1.771         
 58550.4696499   0.346           1.617         
 58555.4948497   1.995           1.206         
 58555.503376    0.614           1.841         
 58561.5076587   0.629           1.904         
 58562.4702579   0.407           1.161         
 58562.4712253   2.05            1.187         
 58562.5724374   1.787           1.152         
 58562.580962    0.396           1.8           
 58565.4779927   1.926           1.138         
 58568.4605183   2.046           1.274         
 58569.4943808   2.011           1.247         
 58569.5028906   0.559           1.75          
 58574.4710529   1.972           1.222         
 58575.571888    0.46            1.195         
 58575.5864008   0.71            1.865         
 58575.5876201   -0.085          1.309         
 58576.3790555   0.526           1.972         
 58576.4588846   1.777           1.298         
 58576.4674197   0.422           1.915         
 58577.5284692   2.144           1.209         
 58579.4765789   0.592           1.247         
 58583.496502    1.741           1.281         
 58583.5050206   0.369           1.797         
 58586.4643408   0.552           1.782         
 58588.5223633   0.337           1.134         
 58590.6792054   1.541           1.441         
 58590.6877069   0.055           1.804         
 58593.5535103   0.349           1.78          
 58597.4585508   1.936           1.353         
 58597.4670664   0.4             1.857         
 58598.4551287   2.185           1.196         
 58604.5119973   2.069           1.046         
 58604.5205088   0.604           1.6           
 58608.50156     0.569           1.96          
 58609.5395459   0.257           1.129         
 58611.455216    1.441           1.304         
 58611.4638804   -0.172          1.702         
 58612.5300347   0.539           1.695         
 58613.494776    0.591           1.069         
 58613.4957412   2.248           1.177         
 58613.511365    -0.064          1.256         
 58618.5355031   1.843           1.268         
 58618.5441702   0.376           1.692         
 58621.5087521   0.391           1.147         
 58621.5167694   0.452           1.893         
 58623.4951604   2.403           1.323         
 58624.5399855   0.512           1.146         
 58624.5479632   0.544           1.967         
 58625.5491295   2.264           1.431         
 58625.5576237   0.701           2.002         
 58626.5112663   -0.144          1.231         
 58627.5266656   -0.009          1.0           
 58631.5181442   0.525           1.92          
 58632.5288686   1.593           1.149         
 58632.5373691   -0.019          1.677         
 58633.5002361   0.53            1.197         
 58639.5143858   1.625           1.251         
 58639.5229096   0.14            1.803         
 58644.5022956   3.586           1.687         
 58646.5295997   2.307           0.995         
 58646.5380968   0.471           1.471         
 58646.59804     0.629           1.634         
 58646.6065244   9.106           0.599         
 58648.5954025   0.539           1.154         
 58653.5173466   1.257           1.242         
 58653.5258552   -0.157          1.796         
 58660.5732236   2.118           1.166         
 58660.5817193   0.568           1.625         
 58663.5040607   0.593           1.082         
 58664.4833885   0.358           1.724         
 58666.4784696   0.618           1.694         
 58667.5266377   1.644           1.305         
 58667.5351362   0.282           1.828         
 58668.4576262   -0.317          1.143         
 58670.5004111   0.586           1.135         
 58671.5064277   2.079           1.127         
 58673.4819539   0.266           1.686         
 58674.5134241   1.82            1.06          
 58674.5219416   0.411           1.582         
 58674.5703829   -0.206          1.293         
 58676.4977073   0.451           1.059         
 58678.5474477   2.332           1.075         
 58679.5004063   0.556           1.106         
 58681.5235906   1.745           1.133         
 58681.5321018   0.194           1.628         
 58681.761941    1.533           1.08          
 58681.7707508   -0.102          1.786         
 58682.4721139   2.217           1.025         
 58683.4876414   0.316           1.062         
 58688.7253477   1.66            1.178         
 58688.7338772   0.082           1.97          
 58691.6395238   3.19            1.942         
 58692.5328409   3.484           1.74          
 58695.5095279   1.557           1.069         
 58695.5180532   0.191           1.929         
 58698.5591147   0.312           1.236         
 58698.567131    0.291           1.929         
 58700.7942129   -0.004          1.59          
 58701.4825066   0.478           1.795         
 58702.5420787   1.949           0.899         
 58702.5505856   0.458           1.614         
 58705.5221638   2.042           1.164         
 58705.5233824   0.457           1.102         
 58707.5227429   0.344           1.798         
 58708.5082068   0.331           0.98          
 58709.5025221   1.686           0.905         
 58709.5110566   0.173           1.623         
 58712.7387454   0.433           1.235         
 58713.4479061   0.461           1.841         
 58716.5231474   1.733           0.928         
 58716.5316952   0.125           1.539         
 58721.5156323   0.329           1.301         
 58721.7344007   0.354           1.231         
 58723.5774963   1.523           1.179         
 58723.5860276   0.174           1.81          
 58724.4878719   0.649           1.54          
 58730.5142082   2.556           1.276         
 58730.5228108   1.129           1.929         
 58730.5635526   0.738           1.068         
 58732.4757507   0.992           1.745         
 58736.4688737   0.792           1.208         
 58737.4821808   2.429           1.173         
 58737.4907049   0.855           1.844         
 58744.4870211   2.425           0.888         
 58744.4955301   1.0             1.709         
 58748.461322    0.086           1.976         
 58750.4819728   0.26            1.183         
 58751.4915787   1.958           0.903         
 58751.5000802   0.505           1.598         
 58753.4523592   0.331           1.041         
 58759.8045378   0.693           1.269         
 58761.499802    2.539           1.175         
 58761.5086565   1.047           2.039         
 58765.49523     0.759           2.01          
 58768.6713646   2.321           1.386         
 58768.7495583   0.745           1.953         
 58775.4543962   2.593           0.909         
 58775.4629109   0.927           1.751         
 58782.5543404   1.911           1.082         
 58782.5631341   0.384           1.637         
 58786.4722677   0.703           1.774         
 58789.4621416   1.747           1.268         
 58789.6301331   0.214           1.79          
 58792.438175    0.999           1.949         
 58796.638098    1.801           1.31          
 58796.6466141   0.391           1.859         
 58800.4307806   0.684           1.973         
 58803.4444072   2.262           1.488         
 58803.4529456   0.714           2.114         
 58803.5698915   2.323           1.36          
 58803.5784215   0.716           1.87          
 58806.4342872   2.286           1.513         
 58807.4253599   2.345           1.361         
 58810.4611391   2.213           1.421         
 58810.4696663   0.627           1.989         
 58817.4333663   2.2             1.133         
 58817.4418939   0.762           1.751         
 58820.4224764   0.947           1.825         
 58824.4363051   2.591           1.276         
 58824.4448546   1.225           1.879         
 58831.4522657   2.393           1.277         
 58831.460958    1.127           1.97          
 58832.4268743   1.402           1.978         
 58837.4243904   0.748           1.142         
 58838.4627354   2.613           1.376         
 58838.4715453   1.046           2.103         
 58838.5956629   1.054           2.012         
 58841.4648091   0.944           1.898         
 58845.3983764   2.523           1.582         
 58845.4069165   1.042           2.124         
