!mjd_obs        !mean_dy        !mean_dx       
!---------------!---------------!---------------
 56659.3810745   0.409           -0.229        
 56659.3891191   1.308           -1.077        
 56660.460783    1.862           -1.507        
 56660.4693129   1.549           -1.186        
 56661.4767397   -0.36           -0.134        
 56663.4663735   -0.538          -0.198        
 56664.3910591   0.035           -1.181        
 56665.8835317   -2.517          -0.201        
 56666.4607555   -2.623          -0.277        
 56667.4097735   -3.33           -1.167        
 56667.4891358   -2.858          -1.328        
 56667.4976778   -3.417          -1.069        
 56672.4413665   3.539           1.364         
 56674.404316    4.192           1.113         
 56674.4128554   3.3             1.504         
 56675.4324536   3.387           1.4           
 56681.4718568   4.482           1.018         
 56681.480374    3.638           1.299         
 56684.4606971   4.031           1.435         
 56684.4620729   1.775           1.166         
 56685.4969845   2.086           1.119         
 56685.4982538   5.04            1.174         
 56688.4741234   3.029           1.25          
 56688.4826411   2.139           1.248         
 56688.5241951   1.16            1.105         
 56688.5277536   0.832           0.983         
 56689.4579663   3.724           1.055         
 56691.4335977   1.141           1.1           
 56692.4616236   2.189           1.076         
 56694.5169921   1.96            1.185         
 56694.5179677   4.701           1.088         
 56694.5399204   1.637           1.078         
 56695.5131548   4.641           1.195         
 56695.5216571   3.649           1.283         
 56697.4664758   1.804           0.95          
 56697.4674575   4.367           0.857         
 56700.4563629   1.951           1.269         
 56702.4713107   4.688           1.794         
 56702.4798398   3.765           1.711         
 56703.449875    3.823           1.608         
 56704.4439555   2.096           1.465         
 56709.493431    4.546           1.302         
 56709.5019461   3.67            1.707         
 56712.5072632   1.276           1.269         
 56712.5268285   3.562           1.531         
 56715.4909582   1.712           1.47          
 56715.491939    4.298           1.685         
 56716.4879618   4.422           1.631         
 56716.4964879   3.522           1.61          
 56716.5352162   3.584           1.678         
 56718.5767612   1.777           1.41          
 56721.525324    2.01            1.355         
 56721.5333469   3.766           1.683         
 56721.5347213   1.635           1.315         
 56723.4997123   4.359           1.775         
 56723.5082526   3.626           1.476         
 56724.4730285   1.075           1.339         
 56724.4765633   1.853           1.435         
 56727.6107028   2.051           1.63          
 56728.5099859   2.269           1.643         
 56729.4813665   1.327           1.392         
 56729.489409    0.953           1.23          
 56730.5077912   3.432           1.946         
 56730.5163042   2.549           1.664         
 56734.4620264   0.737           1.452         
 56737.5098161   4.964           1.759         
 56737.5183659   4.089           1.961         
 56737.7322403   4.733           1.872         
 56737.7339028   7.511           1.822         
 56737.7481153   2.411           0.642         
 56737.7489214   1.92            2.113         
 56737.7499658   3.851           2.175         
 56737.7513406   1.585           1.667         
 56740.4678267   0.855           1.477         
 56740.4758577   0.51            1.472         
 56744.4971205   3.229           1.868         
 56744.5056343   2.23            1.972         
 56744.5404637   1.168           1.508         
 56745.4874215   2.255           2.03          
 56746.4801953   0.849           1.593         
 56749.5291681   3.964           2.054         
 56750.4981976   1.675           1.608         
 56751.4944893   4.33            1.924         
 56751.5030115   3.722           2.024         
 56758.5097895   5.148           1.827         
 56759.5080615   1.622           1.607         
 56759.5090442   3.765           2.06          
 56759.7569365   3.524           2.13          
 56762.5536469   1.566           1.489         
 56762.5546255   3.697           1.871         
 56765.535515    4.91            1.731         
 56765.544065    4.078           2.061         
 56765.5788876   3.97            2.103         
 56766.5331439   1.612           1.63          
 56768.5365346   3.82            1.841         
 56769.6219191   1.669           1.571         
 56769.6229032   4.065           2.055         
 56771.4874437   1.063           1.531         
 56772.522546    4.689           1.916         
 56772.5310923   3.932           2.039         
 56772.5945606   1.581           1.609         
 56772.595535    3.861           2.172         
 56774.4849155   1.98            1.573         
 56775.4786068   3.965           2.132         
 56775.4799827   1.623           1.613         
 56777.5269702   0.968           1.501         
 56779.5089191   4.268           1.88          
 56779.5174374   3.354           2.068         
 56779.5697304   3.285           2.165         
 56779.5711014   1.375           1.615         
 56782.5048036   1.099           2.127         
 56782.5061847   0.296           1.567         
 56785.7200859   1.083           1.946         
 56786.5022942   4.623           1.69          
 56786.5108135   3.745           1.867         
 56786.5682732   1.549           1.517         
 56789.5043065   1.824           1.348         
 56789.5052829   3.889           1.726         
 56789.6896746   1.666           1.559         
 56789.6906597   3.81            2.055         
 56792.4846619   3.717           1.798         
 56793.5387855   4.675           1.691         
 56793.5473247   3.828           1.802         
 56803.5144531   1.986           1.691         
 56803.5229764   0.985           2.062         
 56803.62104     0.57            2.075         
 56803.6224191   0.028           1.678         
 56804.5135673   0.589           1.519         
 56806.5405664   1.605           1.528         
 56806.5415455   3.863           1.997         
 56808.5401459   1.877           1.46          
 56809.5477608   3.424           1.804         
 56810.5420496   2.701           1.621         
 56810.5507809   1.233           1.73          
 56811.4686362   0.43            1.504         
 56812.5685606   3.678           1.971         
 56813.5467166   0.889           1.469         
 56817.5061681   2.244           1.752         
 56817.514669    1.274           1.901         
 56824.4720775   2.28            1.681         
 56824.4805738   1.389           1.725         
 56826.7481735   0.451           1.463         
 56826.7491501   1.433           1.697         
 56828.5284373   1.493           1.458         
 56829.4982385   1.946           1.367         
 56831.5424701   2.81            1.485         
 56831.5509618   1.981           1.495         
 56831.6121253   1.951           1.803         
 56833.502004    -0.062          1.547         
 56833.503063    0.721           1.184         
 56834.4745153   1.927           1.602         
 56836.4780453   1.59            1.453         
 56837.5167876   1.697           1.414         
 56838.54157     4.281           1.389         
 56838.5500593   3.716           1.708         
 56839.5899353   3.734           1.813         
 56839.5913038   1.566           1.382         
 56842.4611593   1.085           0.766         
 56842.6317826   0.914           0.835         
 56842.6385143   0.581           1.359         
 56844.5185932   1.556           0.772         
 56845.5335951   4.022           1.487         
 56845.5422667   3.043           1.842         
 56845.585193    1.263           0.781         
 56846.5025478   1.424           1.461         
 56848.5344085   3.702           1.699         
 56850.4950803   1.573           1.388         
 56852.5412034   4.225           1.702         
 56852.5496988   3.126           1.738         
 56858.5345911   3.726           1.621         
 56858.5362476   1.548           1.423         
 56859.5304456   4.909           1.434         
 56859.5389124   4.013           1.685         
 56860.5334427   2.04            1.357         
 56860.6820635   1.862           1.395         
 56861.4994909   3.788           1.761         
 56861.5008621   1.667           1.387         
 56864.5416756   1.017           1.278         
 56865.4683345   2.437           1.623         
 56866.5309948   3.311           1.396         
 56866.53966     2.374           1.799         
 56868.5193056   1.015           1.373         
 56868.5273431   1.997           1.688         
 56868.5287267   0.705           1.434         
 56871.4902309   1.061           1.175         
 56872.4781288   0.866           1.331         
 56873.5307669   3.023           1.423         
 56873.5392736   2.176           1.731         
 56874.5152699   3.481           1.462         
 56874.5239533   2.673           1.613         
 56874.5874345   1.372           1.385         
 56874.5966166   2.551           1.449         
 56875.5458834   3.691           1.522         
 56875.5543852   2.912           1.545         
 56877.4974484   1.063           1.308         
 56878.5142783   1.461           1.276         
 56879.4911194   2.609           1.716         
 56882.5142095   3.777           1.43          
 56882.5227507   2.872           1.683         
 56882.5627022   2.776           1.68          
 56885.5043252   1.431           1.276         
 56885.5123872   2.953           1.676         
 56888.5007829   1.113           1.157         
 56889.5043909   3.599           1.363         
 56889.5129167   2.811           1.681         
 56889.5462051   1.387           1.303         
 56890.4940817   2.815           1.589         
 56893.5014741   1.331           1.284         
 56896.4992482   4.114           1.344         
 56896.5077847   3.383           1.528         
 56896.5486458   4.03            1.462         
 56897.4771831   3.325           1.694         
 56899.4816437   1.703           1.326         
 56901.4886676   3.196           1.511         
 56903.5074742   3.854           1.362         
 56903.5159625   3.226           1.634         
 56903.5657249   1.463           1.418         
 56906.5918799   1.483           1.279         
 56906.600074    2.076           1.38          
 56910.5180024   3.842           1.39          
 56910.5265224   2.875           1.547         
 56914.3896777   3.937           1.456         
 56915.4272025   2.249           1.529         
 56917.4444364   3.599           1.515         
 56917.453071    2.725           1.653         
 56919.4324271   1.287           1.248         
 56920.4879851   3.122           1.216         
 56921.5766235   2.371           1.687         
 56923.4820581   3.975           1.71          
 56924.5121292   3.778           1.91          
 56924.5250903   3.237           2.157         
 56925.4184647   3.009           1.899         
 56925.4975596   1.51            1.548         
 56925.5055924   1.247           1.504         
 56926.5011773   3.68            1.928         
 56927.4292227   4.158           1.781         
 56927.5139447   1.482           1.519         
 56927.5219908   3.114           1.909         
 56929.4834398   1.441           1.507         
 56929.4844158   3.69            1.698         
 56931.4806801   3.687           1.742         
 56931.4893083   3.187           1.943         
 56931.5262631   3.045           1.806         
 56936.5301732   3.234           1.778         
 56936.5403036   2.448           2.04          
 56936.5416788   0.927           1.562         
 56937.4354753   1.273           1.473         
 56938.489035    3.436           1.639         
 56938.4975058   2.615           1.904         
 56939.4687397   2.677           1.747         
 56940.4773064   3.446           1.764         
 56942.4471034   2.024           1.837         
 56943.4567064   3.177           1.509         
 56945.499761    2.797           1.339         
 56945.5082595   2.466           1.663         
 56949.4663995   1.415           1.436         
 56949.4801355   2.847           1.541         
 56951.4411552   0.993           1.36          
 56952.4197907   3.236           1.65          
 56952.4283071   2.429           1.751         
 56954.4699499   0.497           1.745         
 56954.4709958   0.927           1.526         
 56954.4719797   2.507           1.765         
 56956.4376725   1.304           1.37          
 56958.456881    2.687           1.704         
 56959.4887947   3.501           1.493         
 56959.4972997   2.94            1.562         
 56959.5346124   3.54            1.628         
 56965.4438801   3.47            1.491         
 56965.4540652   2.701           1.647         
 56966.4779464   2.987           1.221         
 56966.4864573   2.734           1.539         
 56973.4780406   3.627           1.315         
 56973.4865455   2.97            1.599         
 56977.4374256   2.763           1.564         
 56978.4054953   2.714           1.592         
 56978.4542817   1.28            1.359         
 56979.4506788   1.1             1.285         
 56980.4461138   3.833           1.5           
 56980.4546085   2.883           1.433         
 56981.4132532   1.528           1.323         
 56982.3114065   0.751           1.574         
 56983.4332641   3.405           1.472         
 56983.4444889   2.633           1.559         
 56984.4115127   1.37            1.217         
 56984.4198264   1.049           1.201         
 56987.3881244   2.811           1.554         
 56987.4669421   3.63            1.435         
 56987.4754629   2.699           1.574         
 56987.5113117   1.402           1.401         
 56990.4196971   1.259           1.373         
 56994.4582047   2.893           1.602         
 56994.4667107   2.306           1.576         
 56994.500477    1.645           1.303         
 56999.4381537   1.138           1.385         
 56999.4464678   2.136           1.401         
 57001.4072983   3.283           1.658         
 57001.4157947   2.555           1.49          
 57001.4458104   3.265           1.62          
 57003.4109964   2.312           1.449         
 57004.4094281   2.514           1.431         
 57005.4059963   2.724           1.481         
 57005.4913815   3.347           1.552         
 57008.4497929   3.52            1.316         
 57008.4585479   2.418           1.286         
 57010.3968682   2.435           1.429         
 57010.4574731   0.982           1.329         
 57012.4501927   3.612           1.494         
 57013.4531749   2.692           1.615         
 57015.4314553   1.768           1.318         
 57015.5224806   3.387           1.54          
 57015.5310001   2.589           1.506         
 57015.5711224   0.968           1.321         
 57018.4380109   2.335           1.359         
 57018.439387    0.839           1.278         
 57022.454963    3.308           1.257         
 57022.4634752   2.557           1.366         
 57024.3971667   2.566           1.295         
 57025.4165435   2.563           1.369         
 57029.4714712   2.973           1.313         
 57029.479996    2.37            1.289         
 57035.4480935   2.259           1.279         
 57036.4167758   3.308           1.473         
 57036.4252928   2.381           1.38          
 57036.4591855   3.045           1.521         
 57038.431946    0.841           1.28          
 57041.4333026   0.889           1.255         
 57042.4468512   3.09            1.337         
 57043.49561     2.964           1.403         
 57043.5041458   2.268           1.324         
 57047.4716058   0.913           1.308         
 57047.4725867   2.405           1.271         
 57050.4401831   3.318           1.385         
 57050.4486709   2.659           1.306         
 57051.4796629   2.157           1.449         
 57051.4810382   0.842           1.381         
 57052.2961943   2.91            1.434         
 57054.4605523   0.695           1.367         
 57057.4879273   2.871           1.271         
 57057.4964408   2.147           1.461         
 57057.5455253   2.161           1.464         
 57061.3882202   0.12            1.639         
 57064.4217299   3.091           1.288         
 57064.4302186   2.334           1.494         
 57065.5185343   3.119           1.395         
 57065.5287097   2.438           1.503         
 57069.4709853   3.713           1.366         
 57069.4813207   1.327           1.325         
 57069.4823008   3.215           1.684         
 57071.484359    3.303           1.342         
 57071.4928872   2.452           1.339         
 57072.4373017   3.428           1.251         
 57072.4474925   2.875           1.509         
 57076.4319032   2.565           1.456         
 57078.4788526   2.918           1.239         
 57078.4873549   2.352           1.636         
 57079.7946356   3.193           1.418         
 57079.8137352   2.484           1.557         
 57080.4725365   3.264           1.314         
 57087.5344413   2.371           1.495         
 57087.535821    0.882           1.33          
 57092.531137    2.571           1.394         
 57092.5396484   1.767           1.537         
 57093.4988761   1.977           1.19          
 57097.4028914   0.277           1.517         
 57099.5129394   3.205           1.49          
 57099.521467    2.573           1.521         
 57110.391951    2.88            1.464         
 57111.5134363   3.949           1.499         
 57111.5219521   2.96            1.844         
 57118.506685    -2.166          1.234         
 57118.5152269   -2.632          1.376         
 57118.5924215   -1.876          1.267         
 57118.6017679   -2.477          1.397         
 57118.6031357   -1.511          1.306         
 57119.4991687   -2.124          1.416         
 57120.1704256   -2.305          1.479         
 57124.4870086   -0.168          0.695         
 57125.5218873   1.041           0.336         
 57125.5304023   0.677           0.481         
 57125.5888814   0.675           0.731         
 57126.488314    2.169           0.424         
 57127.5073785   0.469           0.823         
 57128.4993964   1.96            0.636         
 57130.4730856   0.304           0.765         
 57132.5151801   2.277           0.5           
 57132.5237015   1.834           0.607         
 57133.486903    0.572           0.654         
 57136.4671317   1.928           0.497         
 57139.4394817   1.811           0.486         
 57139.4480023   1.292           0.618         
 57140.3389841   1.083           0.544         
 57142.5006129   1.741           0.396         
 57146.5021369   2.366           0.527         
 57146.5106541   1.926           0.655         
 57146.5711558   0.654           0.845         
 57146.5721419   2.399           0.474         
 57146.588078    0.469           0.882         
 57157.5598637   2.799           -1.462        
 57157.5701724   2.443           -1.092        
 57157.5715412   0.75            -0.257        
 57160.5324333   1.877           -0.962        
 57161.5066325   2.751           -1.258        
 57161.5169731   0.507           -0.173        
 57163.5205733   2.03            -1.267        
 57163.529081    1.512           -0.974        
 57164.499567    1.693           -0.985        
 57164.5009398   0.402           -0.259        
 57166.5349407   2.846           -1.171        
 57167.4363515   1.903           -0.911        
 57169.4976348   2.181           -0.98         
 57170.5145471   2.64            -1.348        
 57170.5230564   1.942           -0.957        
 57172.5078771   2.778           -1.331        
 57173.4959097   0.538           -0.168        
 57175.6376998   1.525           -1.011        
 57176.495048    0.404           -0.184        
 57176.4960283   2.095           -1.09         
 57177.554071    1.872           -1.211        
 57177.5625775   1.162           -1.165        
 57184.5523594   2.658           -1.265        
 57184.5608785   2.092           -1.134        
 57185.5390646   2.535           -1.413        
 57185.5404468   0.702           -0.072        
 57191.5125436   2.986           -1.027        
 57191.5210745   2.297           -0.926        
 57191.5726875   3.119           -1.005        
 57191.5830023   0.644           -0.02         
 57192.5273739   1.902           -0.83         
 57192.5863272   2.0             -0.855        
 57195.5106963   0.883           -0.106        
 57195.518708    2.318           -0.965        
 57197.6448858   0.694           -0.204        
 57198.546335    3.049           -1.262        
 57198.5548942   2.354           -0.956        
 57199.5679029   2.926           -1.064        
 57199.5770666   2.22            -1.07         
 57202.4530898   0.476           -1.077        
 57203.5356827   1.175           -0.195        
 57203.5366563   3.511           -1.439        
 57203.5593893   0.894           -0.235        
 57203.5603714   2.779           -1.098        
 57205.7845284   3.421           -1.262        
 57205.7930293   2.655           -1.041        
 57206.4989613   3.648           -1.383        
 57206.5092554   2.935           -1.048        
 57212.5562838   2.966           -1.283        
 57212.5650623   2.188           -0.988        
 57213.4796042   0.85            -0.2          
 57213.4876143   0.589           -0.28         
 57216.5418873   2.797           -0.841        
 57216.5435408   0.964           -0.147        
 57219.5288853   3.217           -1.11         
 57219.5374784   2.404           -0.849        
 57220.5371555   0.909           -0.007        
 57220.5452525   2.269           -0.811        
 57220.5466297   0.636           -0.019        
 57223.5516439   3.149           -0.985        
 57223.5530215   0.939           0.007         
 57223.5762416   2.337           -0.874        
 57223.577616    0.734           -0.017        
 57226.545904    3.185           -1.007        
 57226.5543933   2.462           -0.744        
 57229.5272857   2.489           -1.103        
 57229.5357658   1.781           -0.922        
 57229.5819415   1.838           -0.977        
 57229.5833155   0.428           -0.164        
 57230.5177406   0.825           -0.14         
 57232.5055481   0.939           -0.156        
 57234.5173542   3.248           -1.331        
 57234.5187358   0.993           -0.132        
 57236.6006621   2.907           -1.18         
 57236.6091564   2.199           -1.04         
 57244.7521923   2.789           -1.147        
 57244.7607829   2.074           -0.994        
 57246.6110392   2.074           -0.936        
 57248.4901654   0.904           -0.115        
 57250.4001313   2.973           -1.365        
 57250.4086287   2.195           -1.042        
 57250.4429716   3.112           -1.307        
 57251.3135455   3.654           -1.185        
 57251.3240562   2.918           -1.107        
 57254.5085271   0.899           -0.314        
 57255.588993    3.408           -1.241        
 57255.5981337   2.627           -0.826        
 57257.5313131   3.092           -1.273        
 57257.539832    2.401           -0.954        
 57258.5135124   2.662           -1.012        
 57258.5148935   0.642           -0.941        
 57259.5009754   0.743           -0.979        
 57260.5740665   0.789           -0.842        
 57261.5212309   -0.121          -0.932        
 57264.5501762   2.307           -1.091        
 57264.5589664   1.762           -0.846        
 57268.4926852   0.955           -0.138        
 57268.5008803   0.825           -0.17         
 57269.5053099   0.999           -0.032        
 57270.4985374   0.919           -0.135        
 57271.4932757   3.365           -0.99         
 57271.5021281   2.793           -1.004        
 57271.5551957   0.86            -0.066        
 57272.495424    3.421           -1.001        
 57273.4558998   1.505           -0.18         
 57275.6290202   1.042           -0.074        
 57276.4687299   3.258           -1.19         
 57277.4808525   0.824           -0.085        
 57278.5641529   2.884           -1.087        
 57278.5726872   2.152           -0.875        
 57282.4671236   0.752           0.096         
 57282.6749749   0.923           -0.104        
 57283.4872847   2.987           -1.171        
 57285.5031935   3.183           -1.083        
 57285.5119754   2.64            -1.012        
 57292.4710111   3.212           -1.103        
 57292.4795369   2.494           -0.872        
 57292.5670604   3.197           -1.064        
 57292.5773944   0.743           -0.139        
 57295.5057872   3.5             -1.133        
 57295.5161132   0.923           -0.069        
 57298.4740286   2.233           -0.974        
 57299.4804356   2.853           -1.196        
 57299.4893385   2.057           -0.818        
 57299.5241755   0.786           -0.101        
 57300.1748521   2.302           -1.066        
 57300.1829489   0.656           -0.078        
 57300.191392    1.77            -0.749        
 57300.1994992   0.447           -0.082        
 57306.5593181   3.255           -1.11         
 57306.5680496   2.4             -0.993        
 57306.6218558   0.929           -0.04         
 57310.4998097   2.659           -1.296        
 57310.5101469   0.834           -0.171        
 57311.4692474   2.352           -0.969        
 57321.4698996   3.108           -0.988        
 57321.4783916   2.353           -0.901        
 57327.487577    1.269           -0.069        
 57327.5012503   2.947           -0.798        
 57328.4542165   3.934           -1.104        
 57328.4627104   2.842           -0.937        
 57329.4007176   3.563           -1.105        
 57331.1444056   2.596           -1.014        
 57331.1525508   0.794           -0.016        
 57331.1612821   1.747           -0.925        
 57331.1693643   0.428           -0.073        
 57335.4412364   2.627           -1.205        
 57335.4497639   2.216           -0.944        
 57335.4923849   0.929           -0.093        
 57336.4559838   2.258           -0.749        
 57338.4491532   0.822           -0.202        
 57340.4528431   2.634           -1.082        
 57340.4764352   1.814           -0.845        
 57342.4664272   3.166           -1.161        
 57342.4749134   1.731           -1.046        
 57342.5200196   0.933           -0.059        
 57343.452342    2.472           -0.882        
 57347.450607    3.291           -0.995        
 57349.438995    3.505           -1.112        
 57349.4475117   2.582           -0.967        
 57356.4548519   9.195           0.116         
 57356.4633644   7.34            0.373         
 57357.4410491   0.198           0.223         
 57358.5986025   -0.429          0.001         
 57358.8339705   -0.295          0.112         
 57359.468682    0.194           0.255         
 57360.4445983   -0.278          0.04          
 57363.4465253   4.508           0.215         
 57363.4550256   2.894           0.204         
 57370.4499586   4.324           0.123         
 57370.4587341   2.474           0.309         
 57377.4500192   3.852           0.19          
 57377.458486    2.499           0.402         
 57377.549639    1.481           0.548         
 57377.5688993   2.592           0.324         
 57378.4353247   4.392           0.112         
 57380.4239216   1.739           0.106         
 57384.4694845   4.062           0.199         
 57384.4779816   2.414           0.363         
 57391.4653341   3.533           0.209         
 57391.473833    1.719           0.363         
 57397.4419029   1.299           0.72          
 57398.4468815   3.92            0.399         
 57398.4553664   2.23            0.551         
 57399.4569523   2.825           0.53          
 57401.4482173   0.736           0.737         
 57405.4909045   3.783           0.252         
 57405.4993885   2.186           0.502         
 57412.4983366   3.932           0.105         
 57412.5068121   2.089           0.353         
 57419.5145024   4.021           0.601         
 57419.5230204   2.356           0.501         
 57423.4489482   2.384           0.513         
 57424.443831    1.427           0.618         
 57426.5128808   4.127           0.429         
 57426.5213951   2.544           0.555         
 57427.4911176   1.384           0.591         
 57428.48345     0.713           0.607         
 57431.4781418   -0.226          0.455         
 57433.4976644   3.471           0.252         
 57433.5061617   1.917           0.431         
 57439.5321321   4.278           0.36          
 57440.4896357   4.649           0.322         
 57440.4981351   2.932           0.395         
 57440.8377456   2.555           0.595         
 57442.4256084   0.658           0.424         
 57453.4729897   -2.096          0.522         
 57454.4954029   -1.888          0.243         
 57454.5254041   -3.689          0.269         
 57454.5789371   -2.17           0.285         
 57455.4654211   -2.384          0.586         
 57456.4756485   -1.596          0.596         
 57461.4971721   -2.042          -0.052        
 57461.5056616   -3.639          0.258         
 57464.4925428   -3.885          0.108         
 57465.4907791   -2.313          -0.057        
 57467.4830952   -1.737          0.524         
 57467.5531845   -1.595          0.392         
 57468.4995481   -2.236          -0.085        
 57468.5080703   -3.681          -0.045        
 57470.5436678   -1.719          -0.295        
 57475.5177825   -1.794          -0.233        
 57475.5262864   -3.504          -0.075        
 57476.4948842   -1.632          -0.169        
 57478.499528    -3.551          0.136         
 57479.503389    -3.48           -0.057        
 57482.503417    -1.966          -0.116        
 57482.5119461   -3.721          0.003         
 57482.5530338   -2.361          0.526         
 57484.4670772   -1.977          -0.192        
 57485.5100483   -1.503          0.448         
 57488.4965123   -3.72           0.097         
 57489.4485756   -2.06           -0.113        
 57489.4570922   -3.585          0.119         
 57489.5210696   -1.974          -0.106        
 57495.4686067   -3.174          -0.132        
 57496.5184725   -1.88           -0.38         
 57496.5275218   -3.482          -0.114        
 57496.5685815   -5.453          -0.029        
 57497.520179    -1.235          -0.217        
 57500.5101371   -3.241          0.076         
 57503.5171442   -1.605          -0.266        
 57503.5256777   -3.166          -0.122        
 57503.5784657   -3.24           -0.145        
 57510.530666    -2.196          0.053         
 57510.5391758   -3.485          -0.137        
 57513.4489061   -1.968          -0.028        
 57513.4589104   -5.641          -0.063        
 57516.4313323   -1.695          -0.181        
 57517.4776421   -2.35           -0.168        
 57517.4862654   -3.835          -0.157        
 57520.502339    -3.558          -0.096        
 57522.6466865   -2.101          0.596         
 57523.5046264   -1.271          0.568         
 57523.5126534   -3.31           0.002         
 57524.5276622   -2.087          0.055         
 57524.5363143   -3.867          -0.058        
 57527.5514158   -3.47           0.025         
 57529.4903995   -1.793          -0.106        
 57530.5077659   -3.438          0.01          
 57531.500125    -2.297          0.281         
 57531.5086301   -3.787          0.129         
 57538.6358554   -1.296          -0.014        
 57538.6443532   -2.906          -0.131        
 57540.5568794   -1.159          0.582         
 57540.5649061   -3.207          0.038         
 57543.5039236   -1.149          0.549         
 57543.5119349   -3.218          -0.019        
 57543.5131519   -1.956          0.558         
 57545.4762584   -1.408          0.157         
 57545.4847711   -3.271          0.218         
 57548.5242711   -2.031          0.07          
 57548.5343723   -2.163          0.569         
 57548.5353482   -3.798          0.038         
 57550.4876762   -1.576          0.59          
 57551.5396512   -2.201          0.098         
 57551.5496545   -3.673          0.035         
 57552.541437    -2.172          0.039         
 57552.5499363   -3.871          0.101         
 57552.600261    -5.803          0.221         
 57553.5252474   -1.981          0.607         
 57554.5247356   -3.768          0.09          
 57555.5217401   -1.64           0.121         
 57559.539156    -1.182          -0.03         
 57559.5476723   -2.891          -0.113        
 57566.5144253   -1.566          0.075         
 57566.5232281   -3.372          -0.068        
 57567.5872634   -4.391          0.028         
 57570.5200337   -2.036          0.568         
 57570.5210013   -3.272          -0.045        
 57571.5241884   -1.159          -0.002        
 57572.4523044   -5.047          0.105         
 57573.4679233   -0.658          -0.01         
 57573.4767649   -3.324          -0.273        
 57576.5088728   -1.258          -0.086        
 57576.5189226   -3.079          -0.11         
 57580.521363    -0.684          -0.186        
 57580.5298753   -2.324          -0.075        
 57582.5246465   -2.557          -0.127        
 57583.5377576   -1.079          0.01          
 57585.5215929   -3.209          -0.188        
 57587.5477943   -1.415          0.005         
 57587.5563214   -3.187          -0.013        
 57587.6609556   -2.055          0.581         
 57590.511345    -3.384          0.045         
 57592.5326406   -1.965          0.688         
 57593.5141219   -1.503          -0.105        
 57594.527966    -1.413          -0.119        
 57594.5366702   -3.235          -0.036        
 57595.5366026   -3.152          0.016         
 57596.5018123   -2.152          0.559         
 57597.5289338   -1.475          0.448         
 57600.4868712   -1.197          0.46          
 57600.4948853   -1.962          0.482         
 57601.5157467   -1.7            -0.095        
 57601.5245428   -3.414          -0.114        
 57601.5761485   -3.34           0.046         
 57604.5070167   -2.104          0.507         
 57608.5399498   -1.008          -0.113        
 57608.548466    -2.618          -0.07         
 57608.6137046   -1.044          -0.106        
 57610.4994842   -2.799          -0.255        
 57612.5098116   -1.755          0.466         
 57613.5320955   -1.041          -0.135        
 57615.6051315   -1.357          -0.326        
 57615.6136456   -2.876          -0.27         
 57616.4820735   -2.766          -0.119        
 57619.5338311   -1.559          -0.121        
 57619.5438466   -3.208          -0.214        
 57622.5419498   -1.883          -0.198        
 57622.5507472   -3.533          -0.187        
 57623.4760753   -2.99           -0.345        
 57623.4772967   -1.796          0.376         
 57624.4835176   -1.098          0.353         
 57629.503101    -0.913          -0.257        
 57629.5119047   -2.961          -0.318        
 57629.5949701   -1.064          -0.088        
 57629.6050134   -3.116          -0.107        
 57634.4711814   -3.227          -0.248        
 57635.5588381   -1.103          -0.164        
 57635.5600637   -1.08           0.507         
 57636.5128122   -0.923          -0.066        
 57636.5213377   -2.759          -0.14         
 57639.494468    -2.673          -0.21         
 57640.5257796   -1.448          -0.181        
 57642.4757169   -1.319          0.398         
 57643.4286589   -2.199          0.504         
 57643.5209049   -2.106          -0.282        
 57643.5294193   -3.696          -0.176        
 57643.6108484   -1.993          -0.043        
 57643.6273234   -3.734          -0.001        
 57650.5063462   -2.03           -0.181        
 57650.5148805   -3.738          -0.278        
 57651.5016117   -3.544          -0.054        
 57654.4781042   -2.563          -0.208        
 57655.4988642   -1.231          -0.354        
 57657.5143719   -1.015          -0.325        
 57657.5228953   -2.586          -0.09         
 57658.4841682   -0.939          0.412         
 57662.3722407   -2.413          -0.144        
 57663.5219115   -1.052          0.529         
 57663.5299183   -2.945          -0.007        
 57664.4901219   -0.995          -0.089        
 57664.4986152   -2.58           -0.001        
 57665.4684954   -0.912          -0.094        
 57671.4724242   -0.481          -0.056        
 57671.4808983   -2.145          -0.081        
 57674.5520935   -0.468          0.24          
 57674.5610499   -2.205          0.117         
 57674.562272    -1.44           0.616         
 57678.4915875   -0.57           0.208         
 57678.5000951   -2.271          -0.009        
 57680.5261871   -0.679          0.121         
 57684.5233255   -0.654          0.241         
 57685.4794909   -0.707          0.111         
 57685.4880036   -2.418          0.023         
 57686.4373375   -2.429          -0.055        
 57687.5097458   -1.171          0.069         
 57687.5187041   -1.671          0.534         
 57690.5022829   -0.845          0.556         
 57690.5103136   -2.318          -0.107        
 57692.4743732   -0.038          0.171         
 57692.4828781   -1.705          0.159         
 57694.4833658   -0.627          0.663         
 57699.4471216   -0.544          -0.115        
 57699.4556511   -2.067          0.034         
 57702.4536127   -1.702          0.61          
 57706.580833    -0.296          0.149         
 57706.5893588   -2.042          0.048         
 57711.4490292   -0.189          0.06          
 57713.3913343   -0.165          0.036         
 57713.3998576   -1.648          0.07          
 57723.4600487   -0.308          -0.064        
 57723.468551    -2.407          -0.299        
 57723.6585936   -0.603          -0.011        
 57723.6675339   -1.494          0.547         
 57726.4839293   -0.391          -0.043        
 57726.492897    -1.392          0.546         
 57727.4254908   -0.674          0.532         
 57728.4576583   -0.809          0.558         
 57728.4657037   -2.265          -0.118        
 57729.3766295   -0.408          0.581         
 57729.3846393   -2.266          -0.086        
 57742.434085    -1.969          0.208         
 57744.481526    -0.031          -0.132        
 57745.4456488   -0.548          0.587         
 57745.4536458   -1.765          -0.087        
 57747.4657521   0.369           0.237         
 57747.474273    -1.423          0.122         
 57748.5028823   -1.689          0.291         
 57750.4575956   -0.393          0.613         
 57753.4965393   -0.199          0.115         
 57754.4688166   -0.584          0.171         
 57754.4776114   -2.097          0.235         
 57756.4923072   -0.748          0.546         
 57756.4932779   -0.489          0.219         
 57760.5297205   -0.128          0.024         
 57761.4526989   -0.356          -0.012        
 57761.4612298   -2.136          0.036         
 57764.4598173   0.045           0.119         
 57769.6049021   0.179           0.175         
 57785.9942538   -0.511          0.076         
 57786.0027467   -1.812          0.279         
 57786.2340071   -0.05           0.135         
 57786.2425036   -1.756          0.174         
 57786.4962548   0.183           0.072         
 57786.504762    -1.292          0.006         
 57786.539231    -1.689          0.177         
 57787.515334    0.089           0.264         
 57793.4893741   -0.291          0.007         
 57793.497878    -1.82           0.038         
 57793.5414788   -1.85           0.02          
 57797.5578443   0.326           0.131         
 57797.5667773   -1.394          0.022         
 57798.4028628   -1.085          0.682         
 57800.5265968   0.063           0.319         
 57800.5351366   -1.622          0.284         
 57800.6251748   0.007           0.148         
 57802.1615093   0.074           0.379         
 57802.1696031   -0.467          0.695         
 57802.1783614   -1.507          0.582         
 57802.186456    -1.113          0.676         
 57805.472915    -0.167          0.253         
 57806.5262739   -1.649          0.406         
 57807.505145    0.201           0.504         
 57807.5139722   -1.651          0.453         
 57808.458739    0.261           0.339         
 57815.4983017   0.057           0.301         
 57815.5067988   -1.553          0.239         
 57815.580603    -1.74           -0.089        
 57821.5067663   -1.545          0.299         
 57822.5023758   0.033           0.416         
 57822.5108869   -1.53           0.384         
 57826.4213437   -1.303          0.606         
 57829.4496914   -0.066          0.346         
 57829.4582069   -1.686          0.285         
 57831.5456171   -1.474          0.182         
 57836.5097278   0.243           0.214         
 57836.5184805   -1.318          0.216         
 57837.5044279   -1.333          0.333         
 57842.5170126   -1.101          0.674         
 57843.5567687   0.066           0.207         
 57843.5654718   -1.53           0.249         
 57844.5303796   -1.511          0.377         
 57845.6253638   0.356           0.465         
 57845.6344324   -0.93           0.806         
 57848.6116626   -0.231          0.429         
 57848.6204451   -3.358          0.376         
 57848.6213434   -1.32           0.334         
 57850.5222555   0.714           0.308         
 57850.5307888   -0.954          0.232         
 57852.5666555   0.269           0.387         
 57853.5282568   -1.226          0.293         
 57856.5414468   -1.197          0.405         
 57857.5341832   -0.273          0.412         
 57857.5426964   -1.812          0.093         
 57860.4928993   -0.04           0.108         
 57860.5029285   -1.5            0.123         
 57861.5453326   -0.832          0.709         
 57863.4287307   0.383           0.216         
 57865.4956944   -1.486          0.266         
 57866.5387275   -0.064          0.273         
 57869.4794903   0.216           0.309         
 57871.5095047   0.257           0.23          
 57871.5180089   -1.433          0.148         
 57872.7176402   -0.261          0.311         
 57875.4918246   0.343           0.213         
 57875.5018401   -1.16           0.292         
 57877.4949665   -1.544          0.23          
 57878.5277904   0.161           0.173         
 57878.5362865   -1.409          0.19          
 57880.4821931   0.435           0.133         
 57882.5141591   -1.158          0.155         
 57882.7783508   -1.212          0.067         
 57885.6969979   0.547           0.433         
 57885.7055011   -1.149          0.3           
 57889.5621695   -1.183          0.346         
 57892.5467622   0.7             0.224         
 57892.5552695   -1.161          0.472         
 57892.5957009   -0.926          0.763         
 57899.4473477   0.292           0.323         
 57899.455869    -1.316          0.323         
 57904.4886012   -1.372          0.241         
 57906.5431892   -0.067          0.387         
 57906.5517032   -1.615          0.14          
 57909.5236813   -3.095          0.287         
 57913.5431327   0.206           0.396         
 57913.5519683   -1.678          0.536         
 57913.6068295   -1.723          0.607         
 57917.5073369   -1.591          0.431         
 57919.5424466   -0.08           0.35          
 57920.5239714   0.212           0.391         
 57920.5324878   -1.603          0.268         
 57920.5939873   -1.484          0.403         
 57923.5134408   -1.684          0.204         
 57927.5317343   0.158           0.439         
 57927.5404501   -1.609          0.42          
 57929.4458303   -1.917          0.35          
 57932.516989    -1.001          0.78          
 57934.5212821   -0.054          0.339         
 57934.5298152   -1.901          0.324         
 57935.5026891   -0.289          0.286         
 57940.4952479   -1.762          0.244         
 57941.5219641   -0.301          0.315         
 57941.5306602   -1.833          0.248         
 57945.5147395   -2.039          0.147         
 57948.5746974   -0.176          0.243         
 57948.5832319   -1.908          0.183         
 57950.5095109   -0.864          0.65          
 57951.8314452   -1.933          0.246         
 57953.5246152   0.346           0.321         
 57954.5302954   0.117           0.317         
 57955.5257131   0.65            0.181         
 57955.5342639   -0.978          0.102         
 57957.4979123   0.896           0.073         
 57960.4863794   -1.295          0.568         
 57962.5142087   0.056           -0.009        
 57962.5227198   -1.517          0.144         
 57963.5187447   -0.059          0.057         
 57963.5726852   -1.629          0.202         
 57964.6994254   -1.321          0.651         
 57966.4790019   -0.895          0.554         
 57969.528907    0.34            0.155         
 57969.537423    -1.477          0.13          
 57969.5865164   0.269           0.095         
 57970.5230987   -1.427          0.124         
 57974.5873868   0.498           0.231         
 57974.6570349   0.429           0.139         
 57974.6670789   -1.168          0.238         
 57980.5878523   -0.007          0.219         
 57980.5978564   -1.803          0.386         
 57983.5202561   0.137           -0.034        
 57983.5287355   -1.662          0.075         
 57983.6270983   -2.056          0.351         
 57986.5585003   -0.282          0.191         
 57989.5800806   0.025           0.177         
 57990.6726943   -0.2            0.228         
 57990.6811782   -1.658          0.235         
 57992.4912432   0.068           0.224         
 57997.4994351   -0.57           0.041         
 57997.5079214   -2.204          0.112         
 58001.552466    -0.417          0.122         
 58004.516825    0.293           -0.005        
 58004.5253251   -1.479          0.246         
 58004.6369732   -1.4            0.308         
 58007.5333657   -1.624          0.154         
 58011.4995808   -0.502          0.272         
 58011.5403019   -2.18           0.058         
 58011.6574051   -2.407          0.279         
 58013.5328652   -0.328          0.336         
 58014.4291641   -1.773          0.36          
 58018.4756485   -0.03           0.003         
 58018.4841369   -1.898          0.148         
 58018.5337933   -0.049          0.181         
 58018.5437814   -1.777          0.131         
 58025.4736644   -0.352          0.108         
 58025.4821554   -2.159          0.169         
 58027.4794889   0.036           0.04          
 58028.5151658   -0.81           0.16          
 58031.5322943   0.799           0.12          
 58032.4867943   0.302           0.136         
 58032.4952921   -1.457          0.096         
 58032.623582    -0.616          0.155         
 58035.5152131   -1.543          0.01          
 58036.492334    -1.593          0.2           
 58039.4891281   0.089           0.041         
 58039.4976182   -1.663          0.25          
 58046.6426238   -0.773          0.014         
 58046.6511232   -2.365          0.086         
 58048.476752    -0.767          0.499         
 58048.4777124   -0.473          -0.217        
 58048.493016    -1.395          0.631         
 58051.4934473   -2.14           0.022         
 58056.4155114   0.438           0.035         
 58056.5452701   -1.514          0.175         
 58060.449717    -0.046          0.28          
 58060.4582212   -1.841          0.087         
 58062.4427043   -0.562          0.598         
 58063.5064933   -1.889          -0.024        
 58067.4678132   -0.16           0.048         
 58067.4763139   -1.782          0.027         
 58067.6584415   -1.99           0.215         
 58070.5070697   -1.823          0.184         
 58071.4395479   -1.292          0.537         
 58072.4159513   -0.544          0.581         
 58074.4562957   -0.215          0.026         
 58074.4647984   -1.631          0.038         
 58075.4951065   -0.363          0.555         
 58075.4960734   0.151           0.071         
 58075.5112174   -1.104          0.657         
 58075.51218     -1.49           0.053         
 58078.4565667   0.857           0.015         
 58078.4652927   -0.919          0.504         
 58079.5143398   -1.602          -0.187        
 58081.4658153   0.556           0.113         
 58081.6627633   -2.151          0.12          
 58081.7720759   2.456           0.928         
 58082.7694439   -0.312          0.106         
 58082.7781578   -1.469          0.694         
 58083.4457197   -0.482          0.556         
 58088.4584613   0.281           0.084         
 58088.4669532   -1.48           -0.095        
 58089.4432667   -0.024          -0.095        
 58089.4522472   -1.653          -0.218        
 58090.4518343   0.315           -0.117        
 58090.4603352   -1.522          -0.006        
 58095.5494575   -1.553          0.1           
 58097.4625186   0.057           0.124         
 58097.4710469   -1.467          0.121         
 58100.4610363   -0.353          0.587         
 58100.4692253   -1.26           0.042         
 58104.4476227   0.23            -0.041        
 58104.4561393   -1.473          0.183         
 58105.586512    -0.084          0.027         
 58106.4776487   -1.249          0.565         
 58110.4998165   -0.988          0.601         
 58111.6080604   -1.493          0.203         
 58111.690193    0.213           0.147         
 58111.6986883   -1.393          -0.012        
 58117.4881998   -1.391          0.071         
 58118.449773    0.659           0.003         
 58118.4584265   -1.069          -0.234        
 58120.4831097   -0.985          0.022         
 58124.4370354   -1.087          0.539         
 58125.4609703   0.305           -0.017        
 58125.4694707   -1.212          -0.046        
 58125.558176    -1.147          0.018         
 58131.4842578   -3.303          0.115         
 58132.4637839   0.623           0.068         
 58132.4722885   -1.045          -0.072        
 58134.6469992   0.722           0.011         
 58134.6572614   -1.098          0.141         
 58139.4616054   0.367           -0.025        
 58139.4701011   -1.207          -0.149        
 58142.4411107   -0.1            0.111         
 58146.5952978   -0.598          -0.093        
 58146.6037866   -1.964          -0.05         
 58150.3518648   -1.909          -0.21         
 58152.4674969   -0.105          -0.041        
 58153.466456    0.121           -0.208        
 58153.4749594   -1.501          -0.082        
 58154.4429371   -0.336          0.633         
 58160.4731637   -0.144          -0.037        
 58160.4816957   -1.628          -0.038        
 58160.6266442   -0.503          -0.065        
 58160.6355387   -1.962          -0.08         
 58163.6033332   -0.443          -0.092        
 58163.607535    -1.848          -0.215        
 58167.5249047   0.497           -0.267        
 58167.5335917   -0.867          -0.259        
 58168.5131185   0.886           -0.171        
 58169.4849197   -0.481          -0.262        
 58171.5003793   0.806           -0.216        
 58174.5045647   0.97            -0.129        
 58174.5132561   -0.707          -0.057        
 58174.5939919   -0.939          0.026         
 58177.5780384   1.162           0.005         
 58177.5867437   -0.591          0.061         
 58181.5106507   0.312           -0.035        
 58181.5191852   -1.322          -0.014        
 58181.6276171   -1.206          -0.18         
 58183.4700485   -0.136          0.59          
 58184.5093922   1.505           0.199         
 58187.5414812   -1.431          0.003         
 58188.4946831   -0.1            0.088         
 58188.5032187   -1.748          -0.033        
 58191.5382474   -1.36           -0.054        
 58194.5048797   0.454           0.057         
 58195.4925587   0.596           0.098         
 58195.5010814   -1.09           0.064         
 58195.6012548   -1.169          0.084         
 58199.4563778   0.274           -0.025        
 58201.4491404   0.955           -0.007        
 58202.4920368   0.809           0.112         
 58202.5005304   -0.849          -0.06         
 58203.3421586   1.136           0.008         
 58203.3502665   0.125           0.522         
 58203.3587052   -0.676          -0.176        
 58203.3667966   -0.672          0.499         
 58203.4593999   1.272           0.113         
 58205.4578178   1.274           0.104         
 58207.4756056   0.884           0.172         
 58209.4794034   1.416           -0.036        
 58209.5922148   1.322           0.257         
 58209.6007143   -0.275          0.222         
 58210.4976587   0.269           0.624         
 58210.5113946   -2.203          0.17          
 58211.565271    -0.288          0.212         
 58211.5664896   -0.523          0.674         
 58213.4864983   1.258           0.044         
 58214.4958239   0.708           0.145         
 58215.5492948   -0.1            0.605         
 58216.5286215   0.711           0.129         
 58216.5371542   -1.043          0.045         
 58217.5156256   0.112           0.268         
 58217.524172    -1.488          0.058         
 58217.6387471   0.373           0.22          
 58220.5185916   0.468           0.009         
 58223.4950208   -0.166          0.087         
 58224.5025146   0.058           0.034         
 58224.5110586   -1.501          -0.033        
 58227.6909006   -1.758          0.307         
 58228.4710005   0.442           0.075         
 58229.4546866   0.016           -0.062        
 58230.5022097   -0.327          0.486         
 58231.509815    0.308           0.301         
 58231.5186096   -1.363          0.02          
 58232.5148261   0.354           0.23          
 58236.5774409   0.261           0.033         
 58238.5259921   0.155           0.045         
 58238.5344995   -1.578          0.104         
 58239.517068    0.168           -0.092        
 58242.537203    1.106           -0.243        
 58242.5463105   -1.888          -0.208        
 58242.9344612   -1.179          0.177         
 58247.5461635   1.416           -0.13         
 58247.5548503   -0.324          0.122         
 58249.5328392   1.323           0.218         
 58252.538874    1.007           0.112         
 58252.5400985   0.026           0.706         
 58254.5061908   0.645           -0.131        
 58254.5149408   -1.045          0.006         
 58256.5292214   0.054           0.608         
 58261.5404208   1.186           0.142         
 58261.5489405   -0.548          0.189         
 58262.5400853   0.998           0.059         
 58264.4904055   -2.628          0.071         
 58265.5593084   0.823           0.05          
 58268.5437724   1.332           0.113         
 58268.5522992   -0.519          0.278         
 58271.4952757   1.476           0.013         
 58272.5409094   -2.138          0.13          
 58275.5220478   1.533           0.166         
 58275.5305695   -0.259          -0.089        
 58277.5048418   -0.234          0.047         
 58278.5000204   -0.255          0.062         
 58279.5137003   1.827           -0.139        
 58281.4917655   0.376           0.725         
 58282.526149    1.507           0.217         
 58282.5349632   -0.598          0.153         
 58284.5385821   1.418           0.154         
 58284.5475679   -0.476          0.258         
 58288.6037394   0.919           0.361         
 58289.5226405   1.171           0.336         
 58289.5311801   -0.512          0.152         
 58290.5541369   0.975           0.203         
 58296.5181025   0.91            -0.123        
 58296.5267612   -0.764          0.159         
 58298.5349025   1.359           -0.02         
 58299.4543601   -2.4            0.075         
 58301.5581207   0.924           0.251         
 58301.5593348   -0.016          0.633         
 58301.5749498   -0.873          0.285         
 58303.5390939   1.78            0.195         
 58303.547642    -0.59           0.038         
 58304.5332479   1.098           -0.019        
 58305.5473592   0.027           0.695         
 58305.5566256   -0.768          0.083         
 58308.5018854   -0.126          0.578         
 58310.5168792   0.932           0.361         
 58310.5257341   -0.868          0.127         
 58312.6102884   0.218           0.069         
 58316.5338659   1.1             0.03          
 58317.5398946   1.072           0.073         
 58317.5485721   -0.653          0.017         
 58321.39749     -0.599          0.57          
 58322.476464    -0.676          0.584         
 58323.5540326   1.168           0.188         
 58324.5103708   1.343           0.14          
 58324.5188738   -0.548          0.206         
 58327.5275513   1.097           0.059         
 58330.5252274   1.15            0.092         
 58331.4566148   0.974           0.209         
 58331.4651295   -0.867          0.01          
 58338.5069306   0.821           0.1           
 58338.5154631   -0.941          0.228         
 58338.606563    0.753           0.268         
 58338.6157234   -1.063          0.194         
 58339.5320637   -0.657          0.761         
 58342.5543459   0.725           0.159         
 58342.5633014   -0.932          0.154         
 58342.5645161   -0.79           0.687         
 58345.508042    0.737           0.029         
 58345.5165501   -0.936          0.251         
 58346.4506078   -0.787          0.594         
 58351.5241509   -0.536          0.22          
 58352.5179615   0.803           -0.121        
 58352.5266399   -0.802          0.255         
 58352.5758026   0.788           0.003         
 58354.5316955   -2.714          -0.04         
 58355.4958914   0.873           -0.016        
 58356.5210229   -0.704          0.728         
 58359.5305565   1.247           0.13          
 58359.5390603   -0.398          0.057         
 58360.8474556   0.518           0.266         
 58360.8574693   -0.693          0.196         
 58362.5007244   1.909           -0.041        
 58362.510771    0.14            0.049         
 58362.7170557   -2.555          0.264         
 58363.5299492   1.262           0.147         
 58364.4862056   -1.234          0.132         
 58366.496061    0.748           0.03          
 58366.5045555   -0.759          0.157         
 58368.5078476   0.812           0.294         
 58371.4687057   -2.548          0.104         
 58372.5414034   1.008           0.185         
 58373.5430496   1.064           0.119         
 58373.5605933   -0.602          0.115         
 58378.4840168   -0.673          0.608         
 58379.509689    -0.613          0.647         
 58379.5106603   -0.475          0.002         
 58380.4931405   1.051           0.169         
 58380.5016862   -0.583          0.175         
 58387.5031344   0.853           0.271         
 58387.5117471   -0.705          0.11          
 58393.4972527   -0.076          0.592         
 58393.5053096   -0.693          -0.137        
 58394.5073175   0.831           0.199         
 58394.5161548   -0.826          0.102         
 58397.4340263   0.206           -0.065        
 58397.4440328   -1.315          0.206         
 58399.4624088   -0.157          0.64          
 58399.4761288   -0.804          0.605         
 58400.4859242   -0.651          0.062         
 58401.4740305   1.124           -0.071        
 58401.4828092   -0.629          0.133         
 58402.4810905   0.016           0.505         
 58403.5092197   -0.68           0.083         
 58405.7587283   -3.664          0.178         
 58407.4593021   -0.969          -0.112        
 58408.4607962   1.073           0.046         
 58408.4693074   -0.736          0.203         
 58410.4833102   -0.303          0.67          
 58410.491414    -1.384          0.159         
 58412.4938039   0.496           0.058         
 58414.4688847   -0.836          -0.117        
 58415.5008338   1.014           0.116         
 58415.5093232   -0.837          0.062         
 58415.5861908   0.502           0.219         
 58421.4693752   -0.191          0.675         
 58421.4703413   0.782           0.115         
 58422.4608488   0.423           -0.035        
 58422.4693493   -1.201          -0.174        
 58424.4722498   -0.325          0.453         
 58424.473214    0.468           -0.112        
 58426.4891627   -0.958          0.082         
 58429.4779467   0.612           0.07          
 58429.4865384   -1.058          0.147         
 58431.4114284   -0.321          0.62          
 58436.4428847   0.452           -0.251        
 58436.4513916   -0.827          0.204         
 58438.4629128   -1.115          0.036         
 58439.4476396   0.013           0.563         
 58441.4573213   0.496           -0.129        
 58441.4662614   -1.15           -0.074        
 58443.4842176   0.518           -0.006        
 58443.4927077   -1.298          0.037         
 58444.4990664   0.625           -0.071        
 58444.5080261   -1.11           0.059         
 58446.4229655   -0.971          0.617         
 58447.4727381   0.422           0.114         
 58448.4435824   -0.88           -0.065        
 58449.4142459   -0.814          0.471         
 58450.4451702   0.873           0.078         
 58450.4536689   -0.883          -0.009        
 58451.4572612   0.073           0.644         
 58451.4652963   -0.637          0.034         
 58455.4390358   -0.356          -0.044        
 58456.4425714   1.506           -0.067        
 58456.4512852   -0.399          0.507         
 58457.4511369   1.499           0.025         
 58457.4598073   -0.103          0.036         
 58457.5386074   -0.337          0.03          
 58457.5398223   -0.466          0.537         
 58459.4337735   0.356           0.658         
 58460.4338562   -0.735          0.062         
 58461.4496978   -0.163          0.556         
 58461.4577078   -0.785          0.246         
 58463.6248767   -3.131          0.178         
 58464.4531014   0.242           0.055         
 58464.4615812   -1.214          0.256         
 58470.4508029   -1.133          0.574         
 58471.4636966   0.313           0.045         
 58471.4722029   -1.468          -0.043        
 58471.5388962   -1.472          0.054         
 58473.4599029   -1.082          0.586         
 58475.442554    -1.345          0.082         
 58476.4337403   -1.031          0.574         
 58477.4548351   -0.277          0.579         
 58478.4452858   0.531           -0.073        
 58478.453827    -1.066          -0.088        
 58479.4517232   -0.899          -0.022        
 58482.4650413   -1.318          -0.007        
 58484.4528468   0.375           0.03          
 58485.4361655   0.284           -0.063        
 58485.4446555   -1.206          0.041         
 58486.4559725   -1.278          0.139         
 58488.4155355   0.435           -0.151        
 58489.4951704   -1.07           -0.024        
 58492.4706267   0.952           0.048         
 58492.4791118   -0.701          -0.059        
 58499.4698332   0.821           0.126         
 58499.4786071   -0.809          0.014         
 58500.4623738   -0.757          0.068         
 58506.4715451   0.241           -0.007        
 58506.4800483   -1.11           0.057         
 58507.5885176   -1.195          -0.17         
 58511.4680453   -1.49           -0.004        
 58513.4243399   0.068           0.006         
 58513.4328244   -1.462          0.082         
 58517.5897943   0.223           0.102         
 58517.6062338   -1.451          0.003         
 58520.4730151   0.119           -0.047        
 58520.4815525   -1.322          -0.042        
 58520.5534695   0.233           -0.053        
 58520.5575129   -1.213          -0.08         
 58524.4581779   -1.12           -0.092        
 58526.4852168   0.308           -0.063        
 58527.5139265   0.208           0.086         
 58527.5224488   -1.404          0.118         
 58532.5495936   -1.244          -0.125        
 58534.4892392   0.907           -0.035        
 58534.4979876   -0.891          -0.179        
 58535.519348    -1.235          0.099         
 58536.4693922   0.48            -0.019        
 58538.4897805   -1.186          -0.133        
 58541.4889825   0.781           0.028         
 58541.4975305   -0.921          -0.074        
 58548.4994299   0.155           -0.017        
 58548.5079778   -1.458          0.001         
 58550.4696499   -1.425          -0.143        
 58555.4948497   0.505           0.002         
 58555.503376    -1.094          -0.047        
 58561.5076587   -1.034          -0.105        
 58562.4702579   -0.296          0.568         
 58562.4712253   0.407           -0.02         
 58562.5724374   0.222           -0.09         
 58562.580962    -1.213          -0.041        
 58565.4779927   0.647           -0.313        
 58568.4605183   0.825           -0.171        
 58569.4943808   0.866           -0.112        
 58569.5028906   -0.683          -0.061        
 58574.4710529   0.758           -0.068        
 58575.571888    -0.087          0.686         
 58575.5864008   -0.693          0.083         
 58575.5876201   -0.699          0.62          
 58576.3790555   -1.202          0.105         
 58576.4588846   0.313           0.015         
 58576.4674197   -1.149          0.111         
 58577.5284692   0.7             -0.088        
 58579.4765789   -0.032          0.563         
 58583.496502    0.315           0.014         
 58583.5050206   -1.209          -0.026        
 58586.4643408   -1.079          -0.106        
 58588.5223633   -0.318          0.643         
 58590.6792054   -0.085          -0.106        
 58590.6877069   -1.726          0.133         
 58593.5535103   -1.427          0.022         
 58597.4585508   0.613           0.037         
 58597.4670664   -1.175          -0.056        
 58598.4551287   0.707           0.015         
 58604.5119973   0.699           -0.106        
 58604.5205088   -1.024          -0.051        
 58608.50156     -1.178          -0.062        
 58609.5395459   -0.503          0.615         
 58611.455216    -0.166          -0.084        
 58611.4638804   -1.881          0.062         
 58612.5300347   -1.198          -0.065        
 58613.494776    -0.077          0.561         
 58613.4957412   0.893           -0.253        
 58613.511365    -0.79           0.568         
 58618.5355031   0.355           0.17          
 58618.5441702   -1.191          -0.056        
 58621.5087521   -0.307          0.677         
 58621.5167694   -1.159          0.017         
 58623.4951604   0.957           -0.108        
 58624.5399855   -0.097          0.604         
 58624.5479632   -0.958          0.067         
 58625.5491295   1.048           -0.058        
 58625.5576237   -0.733          0.164         
 58626.5112663   -0.778          0.518         
 58627.5266656   -0.633          0.493         
 58631.5181442   -0.919          0.042         
 58632.5288686   0.289           -0.215        
 58632.5373691   -1.546          -0.017        
 58633.5002361   -0.094          0.676         
 58639.5143858   0.076           -0.031        
 58639.5229096   -1.66           -0.111        
 58644.5022956   -3.147          0.02          
 58646.5295997   0.827           0.045         
 58646.5380968   -1.026          0.042         
 58646.59804     -0.981          0.024         
 58646.6065244   0.907           -0.215        
 58648.5954025   -0.074          0.578         
 58653.5173466   -0.182          0.23          
 58653.5258552   -1.755          0.032         
 58660.5732236   0.767           -0.199        
 58660.5817193   -0.99           0.04          
 58663.5040607   0.032           0.597         
 58664.4833885   -1.097          0.129         
 58666.4784696   -0.898          0.048         
 58667.5266377   0.265           -0.165        
 58667.5351362   -1.094          -0.063        
 58668.4576262   -1.095          0.477         
 58670.5004111   -0.117          0.513         
 58671.5064277   0.613           0.016         
 58673.4819539   -1.426          -0.279        
 58674.5134241   0.271           0.004         
 58674.5219416   -1.278          -0.143        
 58674.5703829   -1.003          0.534         
 58676.4977073   -0.125          0.502         
 58678.5474477   0.922           0.026         
 58679.5004063   -0.029          0.526         
 58681.5235906   0.359           -0.094        
 58681.5321018   -1.402          -0.095        
 58681.761941    0.187           0.141         
 58681.7707508   -1.699          0.087         
 58682.4721139   0.783           -0.058        
 58683.4876414   -0.278          0.454         
 58688.7253477   0.545           0.208         
 58688.7338772   -1.271          0.108         
 58691.6395238   0.66            0.819         
 58692.5328409   1.022           0.693         
 58695.5095279   0.021           0.192         
 58695.5180532   -1.557          0.17          
 58698.5591147   -0.345          0.656         
 58698.567131    -1.325          0.231         
 58700.7942129   -1.722          0.26          
 58701.4825066   -1.291          -0.202        
 58702.5420787   0.473           0.018         
 58702.5505856   -1.168          -0.02         
 58705.5221638   0.726           -0.116        
 58705.5233824   -0.107          0.548         
 58707.5227429   -1.235          -0.076        
 58708.5082068   -0.351          0.384         
 58709.5025221   0.162           -0.121        
 58709.5110566   -1.579          -0.13         
 58712.7387454   -0.419          0.572         
 58713.4479061   -1.291          -0.049        
 58716.5231474   0.137           -0.035        
 58716.5316952   -1.695          -0.078        
 58721.5156323   -0.413          0.575         
 58721.7344007   -0.389          0.731         
 58723.5774963   -0.083          -0.053        
 58723.5860276   -1.718          0.003         
 58724.4878719   -1.182          0.046         
 58730.5142082   1.308           -0.027        
 58730.5228108   -0.468          0.109         
 58730.5635526   0.091           0.669         
 58732.4757507   -0.577          0.039         
 58736.4688737   0.279           0.638         
 58737.4821808   1.343           0.213         
 58737.4907049   -0.545          0.213         
 58744.4870211   1.113           0.079         
 58744.4955301   -0.649          0.031         
 58748.461322    -1.675          0.178         
 58750.4819728   -0.535          0.582         
 58751.4915787   0.356           -0.119        
 58751.5000802   -1.323          0.015         
 58753.4523592   -0.393          0.678         
 58759.8045378   0.083           0.749         
 58761.499802    1.289           0.206         
 58761.5086565   -0.463          0.262         
 58765.49523     -0.915          0.312         
 58768.6713646   0.749           0.419         
 58768.7495583   -0.913          0.446         
 58775.4543962   1.142           -0.013        
 58775.4629109   -0.634          0.089         
 58782.5543404   0.415           0.133         
 58782.5631341   -1.329          0.121         
 58786.4722677   -1.097          -0.009        
 58789.4621416   0.493           0.024         
 58789.6301331   -1.204          0.218         
 58792.438175    -0.401          0.056         
 58796.638098    0.574           0.223         
 58796.6466141   -1.125          0.057         
 58800.4307806   -0.702          0.054         
 58803.4444072   1.023           -0.033        
 58803.4529456   -0.583          -0.14         
 58803.5698915   1.152           0.12          
 58803.5784215   -0.53           -0.106        
 58806.4342872   1.09            -0.1          
 58807.4253599   1.042           -0.135        
 58810.4611391   0.905           0.205         
 58810.4696663   -0.585          -0.037        
 58817.4333663   1.013           -0.061        
 58817.4418939   -0.551          0.102         
 58820.4224764   -0.488          -0.07         
 58824.4363051   1.475           0.019         
 58824.4448546   -0.174          -0.241        
 58831.4522657   1.107           0.174         
 58831.460958    -0.388          0.245         
 58832.4268743   -0.24           0.047         
 58837.4243904   0.139           0.579         
 58838.4627354   1.146           0.102         
 58838.4715453   -0.54           0.025         
 58838.5956629   -0.647          0.069         
 58841.4648091   -0.697          0.001         
 58845.3983764   0.939           -0.033        
 58845.4069165   -0.643          0.115         
